1 328528 40.34375 -108.21875 0.2000 0.0010 8.5421 0.9000 2 10.580 10.580 17.960 950.400 950.400 1096.800 -999 -999 -999 32.000 64.000 252.000 2084.28 0.10 0.20 0.70 6.06 4 7.686 7.686 10.047 0.350 0.350 0.400 1200.00 1200.00 1180.00 2685.00 2685.00 2685.00 -7.21 0.70 0.70 0.75 0.26 0.26 0.44 0.0010 0.0005 366.44 0 0 0 1 19.62
1 329313 40.34375 -108.15625 0.2000 0.0010 17.4679 0.9000 2 10.580 10.580 17.960 950.400 950.400 1096.800 -999 -999 -999 32.000 64.000 252.000 2109.66 0.10 0.20 0.70 5.87 4 7.686 7.686 10.047 0.350 0.350 0.400 1200.00 1200.00 1180.00 2685.00 2685.00 2685.00 -7.21 0.70 0.70 0.75 0.26 0.26 0.44 0.0010 0.0005 376.37 0 0 0 1 19.20
1 329314 40.40625 -108.15625 0.2000 0.0010 15.0515 0.9000 2 10.580 10.580 17.960 950.400 950.400 1096.800 -999 -999 -999 32.000 64.000 252.000 1958.69 0.10 0.20 0.70 6.30 4 7.686 7.686 10.047 0.350 0.350 0.400 1200.00 1200.00 1180.00 2685.00 2685.00 2685.00 -7.21 0.70 0.70 0.75 0.26 0.26 0.44 0.0010 0.0005 349.69 0 0 0 1 20.01
1 330105 40.34375 -108.09375 0.2000 0.0010 17.7506 0.9000 2 10.580 10.580 17.960 950.400 950.400 1096.800 -999 -999 -999 32.000 64.000 252.000 2216.49 0.10 0.20 0.70 5.53 4 7.686 7.686 10.047 0.350 0.350 0.400 1200.00 1200.00 1180.00 2685.00 2685.00 2685.00 -7.21 0.70 0.70 0.75 0.26 0.26 0.44 0.0010 0.0005 401.62 0 0 0 1 18.54
1 330106 40.40625 -108.09375 0.2000 0.0010 25.0126 0.9000 2 10.580 10.580 17.960 950.400 950.400 1096.800 -999 -999 -999 32.000 64.000 252.000 1982.63 0.10 0.20 0.70 6.24 4 7.686 7.686 10.047 0.350 0.350 0.400 1200.00 1200.00 1180.00 2685.00 2685.00 2685.00 -7.21 0.70 0.70 0.75 0.26 0.26 0.44 0.0010 0.0005 358.87 0 0 0 1 19.91
1 330107 40.46875 -108.09375 0.2000 0.0010 6.0338 0.9000 2 20.320 20.320 20.320 576.000 576.000 576.000 -999 -999 -999 27.000 54.000 189.000 1894.70 0.10 0.20 0.70 6.32 4 10.802 10.802 10.802 0.600 0.600 0.600 1515.00 1515.00 1512.50 2685.00 2685.00 2685.00 -7.21 0.69 0.69 0.69 0.44 0.44 0.44 0.0010 0.0005 342.19 0 0 0 1 20.16
1 330108 40.53125 -108.09375 0.2000 0.0010 0.8611 0.9000 2 20.320 20.320 20.320 576.000 576.000 576.000 -999 -999 -999 27.000 54.000 189.000 1852.56 0.10 0.20 0.70 6.32 4 10.802 10.802 10.802 0.600 0.600 0.600 1560.00 1560.00 1560.00 2685.00 2685.00 2685.00 -7.21 0.69 0.69 0.69 0.44 0.44 0.44 0.0010 0.0005 333.81 0 0 0 1 20.07
1 330901 40.28125 -108.03125 0.2000 0.0010 8.5820 0.9000 2 10.580 10.580 17.960 950.400 950.400 1096.800 -999 -999 -999 32.000 64.000 252.000 2341.09 0.10 0.20 0.70 5.01 4 7.686 7.686 10.047 0.350 0.350 0.400 1200.00 1200.00 1180.00 2685.00 2685.00 2685.00 -7.20 0.70 0.70 0.75 0.26 0.26 0.44 0.0010 0.0005 425.25 0 0 0 1 17.51
1 330902 40.34375 -108.03125 0.2000 0.0010 26.1173 0.9000 2 10.580 10.580 17.960 950.400 950.400 1096.800 -999 -999 -999 32.000 64.000 252.000 2226.97 0.10 0.20 0.70 5.46 4 7.686 7.686 10.047 0.350 0.350 0.400 1200.00 1200.00 1180.00 2685.00 2685.00 2685.00 -7.20 0.70 0.70 0.75 0.26 0.26 0.44 0.0010 0.0005 407.81 0 0 0 1 18.35
1 330903 40.40625 -108.03125 0.2000 0.0010 19.5102 0.9000 2 10.580 10.580 17.960 950.400 950.400 1096.800 -999 -999 -999 32.000 64.000 252.000 2023.51 0.10 0.20 0.70 6.14 4 7.686 7.686 10.047 0.350 0.350 0.400 1200.00 1200.00 1180.00 2685.00 2685.00 2685.00 -7.20 0.70 0.70 0.75 0.26 0.26 0.44 0.0010 0.0005 376.13 0 0 0 1 19.75
1 330904 40.46875 -108.03125 0.2000 0.0010 11.3936 0.9000 2 10.580 10.580 17.960 950.400 950.400 1096.800 -999 -999 -999 32.000 64.000 252.000 1974.01 0.10 0.20 0.70 6.20 4 7.686 7.686 10.047 0.350 0.350 0.400 1239.37 1239.37 1221.56 2685.00 2685.00 2685.00 -7.20 0.70 0.70 0.75 0.26 0.26 0.44 0.0010 0.0005 364.50 0 0 0 1 19.90
1 330905 40.53125 -108.03125 0.2000 0.0010 3.4379 0.9000 2 20.320 20.320 20.320 576.000 576.000 576.000 -999 -999 -999 27.000 54.000 189.000 1874.34 0.10 0.20 0.70 6.30 4 10.802 10.802 10.802 0.600 0.600 0.600 1560.00 1560.00 1560.00 2685.00 2685.00 2685.00 -7.20 0.69 0.69 0.69 0.44 0.44 0.44 0.0010 0.0005 344.50 0 0 0 1 20.01
1 330906 40.59375 -108.03125 0.2000 0.0010 9.2042 0.9000 2 20.320 20.320 17.960 576.000 576.000 1096.800 -999 -999 -999 27.000 54.000 252.000 1926.06 0.10 0.20 0.70 6.33 4 10.802 10.802 10.047 0.350 0.350 0.600 1425.00 1425.00 1417.50 2685.00 2685.00 2685.00 -7.20 0.69 0.69 0.75 0.44 0.44 0.44 0.0010 0.0005 336.62 0 0 0 1 20.02
1 330907 40.65625 -108.03125 0.2000 0.0010 8.2553 0.9000 2 10.580 10.580 17.960 950.400 950.400 1096.800 -999 -999 -999 32.000 64.000 252.000 1983.08 0.10 0.20 0.70 6.18 4 7.686 7.686 10.047 0.350 0.350 0.400 1200.00 1200.00 1180.00 2685.00 2685.00 2685.00 -7.20 0.70 0.70 0.75 0.26 0.26 0.44 0.0010 0.0005 333.00 0 0 0 1 19.97
1 331701 40.28125 -107.96875 0.2000 0.0010 23.1340 0.9000 2 10.580 10.580 17.960 950.400 950.400 1096.800 -999 -999 -999 32.000 64.000 252.000 2290.58 0.10 0.20 0.70 5.14 4 7.686 7.686 10.047 0.350 0.350 0.400 1200.00 1200.00 1180.00 2685.00 2685.00 2685.00 -7.20 0.70 0.70 0.75 0.26 0.26 0.44 0.0010 0.0005 430.19 0 0 0 1 17.78
1 331702 40.34375 -107.96875 0.2000 0.0010 32.1768 0.9000 2 10.580 10.580 17.960 950.400 950.400 1096.800 -999 -999 -999 32.000 64.000 252.000 2090.31 0.10 0.20 0.70 5.90 4 7.686 7.686 10.047 0.350 0.350 0.400 1200.00 1200.00 1180.00 2685.00 2685.00 2685.00 -7.20 0.70 0.70 0.75 0.26 0.26 0.44 0.0010 0.0005 401.50 0 0 0 1 19.30
1 331703 40.40625 -107.96875 0.2000 0.0010 17.5758 0.9000 2 10.580 10.580 17.960 950.400 950.400 1096.800 -999 -999 -999 32.000 64.000 252.000 1942.46 0.10 0.20 0.70 6.26 4 7.686 7.686 10.047 0.350 0.350 0.400 1200.00 1200.00 1180.00 2685.00 2685.00 2685.00 -7.20 0.70 0.70 0.75 0.26 0.26 0.44 0.0010 0.0005 375.37 0 0 0 1 19.98
1 331704 40.46875 -107.96875 0.2000 0.0010 6.1326 0.9000 2 10.580 10.580 17.960 950.400 950.400 1096.800 -999 -999 -999 32.000 64.000 252.000 1906.64 0.10 0.20 0.70 6.27 4 7.686 7.686 10.047 0.350 0.350 0.400 1200.00 1200.00 1180.00 2685.00 2685.00 2685.00 -7.20 0.70 0.70 0.75 0.26 0.26 0.44 0.0010 0.0005 363.56 0 0 0 1 20.01
1 331705 40.53125 -107.96875 0.2000 0.0010 7.8571 0.9000 2 10.580 10.580 17.960 950.400 950.400 1096.800 -999 -999 -999 32.000 64.000 252.000 1917.72 0.10 0.20 0.70 6.28 4 7.686 7.686 10.047 0.350 0.350 0.400 1200.00 1200.00 1180.00 2685.00 2685.00 2685.00 -7.20 0.70 0.70 0.75 0.26 0.26 0.44 0.0010 0.0005 355.00 0 0 0 1 20.04
1 331706 40.59375 -107.96875 0.2000 0.0010 10.5863 0.9000 2 10.580 10.580 17.960 950.400 950.400 1096.800 -999 -999 -999 32.000 64.000 252.000 1988.60 0.10 0.20 0.70 6.21 4 7.686 7.686 10.047 0.350 0.350 0.400 1200.00 1200.00 1180.00 2685.00 2685.00 2685.00 -7.20 0.70 0.70 0.75 0.26 0.26 0.44 0.0010 0.0005 353.69 0 0 0 1 19.97
1 331707 40.65625 -107.96875 0.2000 0.0010 8.3616 0.9000 2 10.580 10.580 17.960 950.400 950.400 1096.800 -999 -999 -999 32.000 64.000 252.000 2014.21 0.10 0.20 0.70 6.08 4 7.686 7.686 10.047 0.350 0.350 0.400 1200.00 1200.00 1180.00 2685.00 2685.00 2685.00 -7.20 0.70 0.70 0.75 0.26 0.26 0.44 0.0010 0.0005 345.44 0 0 0 1 19.96
1 331708 40.71875 -107.96875 0.2000 0.0010 7.5117 0.9000 2 10.580 10.580 17.960 950.400 950.400 1096.800 -999 -999 -999 32.000 64.000 252.000 2065.94 0.10 0.20 0.70 6.02 4 7.686 7.686 10.047 0.350 0.350 0.400 1200.00 1200.00 1180.00 2685.00 2685.00 2685.00 -7.20 0.70 0.70 0.75 0.26 0.26 0.44 0.0010 0.0005 340.56 0 0 0 1 19.91
1 332493 40.21875 -107.90625 0.2000 0.0010 11.4907 0.9000 2 10.580 10.580 17.960 950.400 950.400 1096.800 -999 -999 -999 32.000 64.000 252.000 2403.92 0.10 0.20 0.70 4.56 4 7.686 7.686 10.047 0.350 0.350 0.400 1200.00 1200.00 1180.00 2685.00 2685.00 2685.00 -7.19 0.70 0.70 0.75 0.26 0.26 0.44 0.0010 0.0005 446.00 0 0 0 1 16.74
1 332494 40.28125 -107.90625 0.2000 0.0010 33.4546 0.9000 2 10.580 10.580 17.960 950.400 950.400 1096.800 -999 -999 -999 32.000 64.000 252.000 2202.14 0.10 0.20 0.70 5.42 4 7.686 7.686 10.047 0.350 0.350 0.400 1200.00 1200.00 1180.00 2685.00 2685.00 2685.00 -7.19 0.70 0.70 0.75 0.26 0.26 0.44 0.0010 0.0005 426.81 0 0 0 1 18.46
1 332495 40.34375 -107.90625 0.2000 0.0010 25.9611 0.9000 2 10.580 10.580 17.960 950.400 950.400 1096.800 -999 -999 -999 32.000 64.000 252.000 1994.07 0.10 0.20 0.70 6.18 4 7.686 7.686 10.047 0.350 0.350 0.400 1200.00 1200.00 1180.00 2685.00 2685.00 2685.00 -7.19 0.70 0.70 0.75 0.26 0.26 0.44 0.0010 0.0005 397.56 0 0 0 1 19.82
1 332496 40.40625 -107.90625 0.2000 0.0010 7.3163 0.9000 2 10.580 10.580 17.960 950.400 950.400 1096.800 -999 -999 -999 32.000 64.000 252.000 1887.75 0.10 0.20 0.70 6.34 4 7.686 7.686 10.047 0.350 0.350 0.400 1200.00 1200.00 1180.00 2685.00 2685.00 2685.00 -7.19 0.70 0.70 0.75 0.26 0.26 0.44 0.0010 0.0005 380.62 0 0 0 1 20.11
1 332497 40.46875 -107.90625 0.2000 0.0010 4.7296 0.9000 2 10.580 10.580 17.960 950.400 950.400 1096.800 -999 -999 -999 32.000 64.000 252.000 1899.65 0.10 0.20 0.70 6.31 4 7.686 7.686 10.047 0.350 0.350 0.400 1200.00 1200.00 1180.00 2685.00 2685.00 2685.00 -7.19 0.70 0.70 0.75 0.26 0.26 0.44 0.0010 0.0005 379.50 0 0 0 1 20.09
1 332498 40.53125 -107.90625 0.2000 0.0010 9.8804 0.9000 2 10.580 10.580 17.960 950.400 950.400 1096.800 -999 -999 -999 32.000 64.000 252.000 1935.17 0.10 0.20 0.70 6.27 4 7.686 7.686 10.047 0.350 0.350 0.400 1200.00 1200.00 1180.00 2685.00 2685.00 2685.00 -7.19 0.70 0.70 0.75 0.26 0.26 0.44 0.0010 0.0005 368.69 0 0 0 1 20.08
1 332499 40.59375 -107.90625 0.2000 0.0010 9.4434 0.9000 2 10.580 10.580 17.960 950.400 950.400 1096.800 -999 -999 -999 32.000 64.000 252.000 2023.13 0.10 0.20 0.70 6.12 4 7.686 7.686 10.047 0.350 0.350 0.400 1200.00 1200.00 1180.00 2685.00 2685.00 2685.00 -7.19 0.70 0.70 0.75 0.26 0.26 0.44 0.0010 0.0005 369.62 0 0 0 1 19.95
1 332500 40.65625 -107.90625 0.2000 0.0010 6.5018 0.9000 2 10.580 10.580 17.960 950.400 950.400 1096.800 -999 -999 -999 32.000 64.000 252.000 2058.66 0.10 0.20 0.70 6.00 4 7.686 7.686 10.047 0.350 0.350 0.400 1200.00 1200.00 1180.00 2685.00 2685.00 2685.00 -7.19 0.70 0.70 0.75 0.26 0.26 0.44 0.0010 0.0005 360.81 0 0 0 1 19.92
1 332501 40.71875 -107.90625 0.2000 0.0010 6.2694 0.9000 2 10.580 10.580 17.960 950.400 950.400 1096.800 -999 -999 -999 32.000 64.000 252.000 2103.05 0.10 0.20 0.70 5.97 4 7.686 7.686 10.047 0.350 0.350 0.400 1200.00 1200.00 1180.00 2685.00 2685.00 2685.00 -7.19 0.70 0.70 0.75 0.26 0.26 0.44 0.0010 0.0005 361.56 0 0 0 1 19.87
1 333289 40.15625 -107.84375 0.2000 0.0010 10.5570 0.9000 2 10.580 10.580 17.960 950.400 950.400 1096.800 -999 -999 -999 32.000 64.000 252.000 2347.57 0.10 0.20 0.70 4.55 4 7.686 7.686 10.047 0.350 0.350 0.400 1200.00 1200.00 1180.00 2685.00 2685.00 2685.00 -7.19 0.70 0.70 0.75 0.26 0.26 0.44 0.0010 0.0005 451.06 0 0 0 1 16.56
1 333290 40.21875 -107.84375 0.2000 0.0010 20.5011 0.9000 2 10.580 10.580 17.960 950.400 950.400 1096.800 -999 -999 -999 32.000 64.000 252.000 2326.45 0.10 0.20 0.70 4.84 4 7.686 7.686 10.047 0.350 0.350 0.400 1200.00 1200.00 1180.00 2685.00 2685.00 2685.00 -7.19 0.70 0.70 0.75 0.26 0.26 0.44 0.0010 0.0005 450.12 0 0 0 1 17.20
1 333291 40.28125 -107.84375 0.2000 0.0010 29.9541 0.9000 2 10.580 10.580 17.960 950.400 950.400 1096.800 -999 -999 -999 32.000 64.000 252.000 2136.18 0.10 0.20 0.70 5.73 4 7.686 7.686 10.047 0.350 0.350 0.400 1200.00 1200.00 1180.00 2685.00 2685.00 2685.00 -7.19 0.70 0.70 0.75 0.26 0.26 0.44 0.0010 0.0005 430.81 0 0 0 1 18.93
1 333292 40.34375 -107.84375 0.2000 0.0010 16.2544 0.9000 2 10.580 10.580 17.960 950.400 950.400 1096.800 -999 -999 -999 32.000 64.000 252.000 1961.87 0.10 0.20 0.70 6.25 4 7.686 7.686 10.047 0.350 0.350 0.400 1200.00 1200.00 1180.00 2685.00 2685.00 2685.00 -7.19 0.70 0.70 0.75 0.26 0.26 0.44 0.0010 0.0005 409.06 0 0 0 1 19.86
1 333293 40.40625 -107.84375 0.2000 0.0010 6.3707 0.9000 2 10.580 10.580 17.960 950.400 950.400 1096.800 -999 -999 -999 32.000 64.000 252.000 1925.03 0.10 0.20 0.70 6.30 4 7.686 7.686 10.047 0.350 0.350 0.400 1200.00 1200.00 1180.00 2685.00 2685.00 2685.00 -7.19 0.70 0.70 0.75 0.26 0.26 0.44 0.0010 0.0005 398.75 0 0 0 1 20.04
1 333294 40.46875 -107.84375 0.2000 0.0010 3.6936 0.9000 2 10.580 10.580 17.960 950.400 950.400 1096.800 -999 -999 -999 32.000 64.000 252.000 1945.57 0.10 0.20 0.70 6.25 4 7.686 7.686 10.047 0.350 0.350 0.400 1200.00 1200.00 1180.00 2685.00 2685.00 2685.00 -7.19 0.70 0.70 0.75 0.26 0.26 0.44 0.0010 0.0005 395.56 0 0 0 1 20.03
1 333295 40.53125 -107.84375 0.2000 0.0010 5.2671 0.9000 2 10.580 10.580 17.960 950.400 950.400 1096.800 -999 -999 -999 32.000 64.000 252.000 1956.51 0.10 0.20 0.70 6.22 4 7.686 7.686 10.047 0.350 0.350 0.400 1200.00 1200.00 1180.00 2685.00 2685.00 2685.00 -7.19 0.70 0.70 0.75 0.26 0.26 0.44 0.0010 0.0005 382.81 0 0 0 1 20.06
1 333296 40.59375 -107.84375 0.2000 0.0010 6.7684 0.9000 2 10.580 10.580 17.960 950.400 950.400 1096.800 -999 -999 -999 32.000 64.000 252.000 2000.14 0.10 0.20 0.70 6.15 4 7.686 7.686 10.047 0.350 0.350 0.400 1200.00 1200.00 1180.00 2685.00 2685.00 2685.00 -7.19 0.70 0.70 0.75 0.26 0.26 0.44 0.0010 0.0005 378.69 0 0 0 1 20.03
1 333297 40.65625 -107.84375 0.2000 0.0010 10.2710 0.9000 2 10.580 10.580 17.960 950.400 950.400 1096.800 -999 -999 -999 32.000 64.000 252.000 2043.43 0.10 0.20 0.70 6.00 4 7.686 7.686 10.047 0.350 0.350 0.400 1200.00 1200.00 1180.00 2685.00 2685.00 2685.00 -7.19 0.70 0.70 0.75 0.26 0.26 0.44 0.0010 0.0005 366.37 0 0 0 1 19.94
1 333298 40.71875 -107.84375 0.2000 0.0010 7.9201 0.9000 2 10.580 10.580 17.960 950.400 950.400 1096.800 -999 -999 -999 32.000 64.000 252.000 2134.59 0.10 0.20 0.70 5.85 4 7.686 7.686 10.047 0.350 0.350 0.400 1200.00 1200.00 1180.00 2685.00 2685.00 2685.00 -7.19 0.70 0.70 0.75 0.26 0.26 0.44 0.0010 0.0005 374.81 0 0 0 1 19.63
1 334088 40.21875 -107.78125 0.2000 0.0010 26.5585 0.9000 2 10.580 10.580 17.960 950.400 950.400 1096.800 -999 -999 -999 32.000 64.000 252.000 2241.84 0.10 0.20 0.70 5.14 4 7.686 7.686 10.047 0.350 0.350 0.400 1200.00 1200.00 1180.00 2685.00 2685.00 2685.00 -7.19 0.70 0.70 0.75 0.26 0.26 0.44 0.0010 0.0005 452.56 0 0 0 1 17.73
1 334089 40.28125 -107.78125 0.2000 0.0010 22.2701 0.9000 2 10.580 10.580 17.960 950.400 950.400 1096.800 -999 -999 -999 32.000 64.000 252.000 2058.14 0.10 0.20 0.70 5.94 4 7.686 7.686 10.047 0.350 0.350 0.400 1200.00 1200.00 1180.00 2685.00 2685.00 2685.00 -7.19 0.70 0.70 0.75 0.26 0.26 0.44 0.0010 0.0005 439.62 0 0 0 1 19.22
1 334090 40.34375 -107.78125 0.2000 0.0010 8.1365 0.9000 2 10.580 10.580 17.960 950.400 950.400 1096.800 -999 -999 -999 32.000 64.000 252.000 1963.07 0.10 0.20 0.70 6.23 4 7.686 7.686 10.047 0.350 0.350 0.400 1200.00 1200.00 1180.00 2685.00 2685.00 2685.00 -7.19 0.70 0.70 0.75 0.26 0.26 0.44 0.0010 0.0005 426.31 0 0 0 1 19.83
1 334091 40.40625 -107.78125 0.2000 0.0010 4.8163 0.9000 2 10.580 10.580 17.960 950.400 950.400 1096.800 -999 -999 -999 32.000 64.000 252.000 1967.38 0.10 0.20 0.70 6.20 4 7.686 7.686 10.047 0.350 0.350 0.400 1200.00 1200.00 1180.00 2685.00 2685.00 2685.00 -7.19 0.70 0.70 0.75 0.26 0.26 0.44 0.0010 0.0005 420.69 0 0 0 1 19.94
1 334092 40.46875 -107.78125 0.2000 0.0010 1.1132 0.9000 2 10.580 10.580 17.960 950.400 950.400 1096.800 -999 -999 -999 32.000 64.000 252.000 1935.46 0.10 0.20 0.70 6.27 4 7.686 7.686 10.047 0.350 0.350 0.400 1200.00 1200.00 1180.00 2685.00 2685.00 2685.00 -7.19 0.70 0.70 0.75 0.26 0.26 0.44 0.0010 0.0005 407.94 0 0 0 1 20.12
1 334093 40.53125 -107.78125 0.2000 0.0010 8.9841 0.9000 2 10.580 10.580 17.960 950.400 950.400 1096.800 -999 -999 -999 32.000 64.000 252.000 1976.41 0.10 0.20 0.70 6.19 4 7.686 7.686 10.047 0.350 0.350 0.400 1200.00 1200.00 1180.00 2685.00 2685.00 2685.00 -7.19 0.70 0.70 0.75 0.26 0.26 0.44 0.0010 0.0005 404.19 0 0 0 1 20.02
1 334094 40.59375 -107.78125 0.2000 0.0010 8.8316 0.9000 2 10.580 10.580 17.960 950.400 950.400 1096.800 -999 -999 -999 32.000 64.000 252.000 2041.27 0.10 0.20 0.70 6.08 4 7.686 7.686 10.047 0.350 0.350 0.400 1200.00 1200.00 1180.00 2685.00 2685.00 2685.00 -7.19 0.70 0.70 0.75 0.26 0.26 0.44 0.0010 0.0005 393.87 0 0 0 1 19.94
1 334095 40.65625 -107.78125 0.2000 0.0010 9.2002 0.9000 2 10.580 10.580 17.960 950.400 950.400 1096.800 -999 -999 -999 32.000 64.000 252.000 2069.81 0.10 0.20 0.70 5.95 4 7.686 7.686 10.047 0.350 0.350 0.400 1200.00 1200.00 1180.00 2685.00 2685.00 2685.00 -7.19 0.70 0.70 0.75 0.26 0.26 0.44 0.0010 0.0005 380.06 0 0 0 1 19.84
1 334096 40.71875 -107.78125 0.2000 0.0010 8.1112 0.9000 2 10.580 10.580 17.960 950.400 950.400 1096.800 -999 -999 -999 32.000 64.000 252.000 2133.98 0.10 0.20 0.70 5.78 4 7.686 7.686 10.047 0.350 0.350 0.400 1200.00 1200.00 1180.00 2685.00 2685.00 2685.00 -7.19 0.70 0.70 0.75 0.26 0.26 0.44 0.0010 0.0005 381.19 0 0 0 1 19.49
1 334888 40.15625 -107.71875 0.2000 0.0010 15.4107 0.9000 2 10.580 10.580 17.960 950.400 950.400 1096.800 -999 -999 -999 32.000 64.000 252.000 2380.37 0.10 0.20 0.70 4.30 4 7.686 7.686 10.047 0.350 0.350 0.400 1420.00 1420.00 1580.00 2685.00 2685.00 2685.00 -7.18 0.70 0.70 0.75 0.26 0.26 0.44 0.0010 0.0005 466.00 0 0 0 1 16.29
1 334889 40.21875 -107.71875 0.2000 0.0010 26.1346 0.9000 2 10.580 10.580 17.960 950.400 950.400 1096.800 -999 -999 -999 32.000 64.000 252.000 2177.32 0.10 0.20 0.70 5.32 4 7.686 7.686 10.047 0.350 0.350 0.400 1420.00 1420.00 1580.00 2685.00 2685.00 2685.00 -7.18 0.70 0.70 0.75 0.26 0.26 0.44 0.0010 0.0005 460.00 0 0 0 1 17.90
1 334890 40.28125 -107.71875 0.2000 0.0010 12.2360 0.9000 2 10.580 10.580 17.960 950.400 950.400 1096.800 -999 -999 -999 32.000 64.000 252.000 2049.90 0.10 0.20 0.70 5.84 4 7.686 7.686 10.047 0.350 0.350 0.400 1200.00 1200.00 1180.00 2685.00 2685.00 2685.00 -7.18 0.70 0.70 0.75 0.26 0.26 0.44 0.0010 0.0005 452.81 0 0 0 1 19.12
1 334891 40.34375 -107.71875 0.2000 0.0010 9.7456 0.9000 2 10.580 10.580 17.960 950.400 950.400 1096.800 -999 -999 -999 32.000 64.000 252.000 2016.66 0.10 0.20 0.70 5.96 4 7.686 7.686 10.047 0.350 0.350 0.400 1200.00 1200.00 1180.00 2685.00 2685.00 2685.00 -7.18 0.70 0.70 0.75 0.26 0.26 0.44 0.0010 0.0005 449.44 0 0 0 1 19.43
1 334892 40.40625 -107.71875 0.2000 0.0010 6.0600 0.9000 2 10.580 10.580 17.960 950.400 950.400 1096.800 -999 -999 -999 32.000 64.000 252.000 1980.26 0.10 0.20 0.70 6.12 4 7.686 7.686 10.047 0.350 0.350 0.400 1200.00 1200.00 1180.00 2685.00 2685.00 2685.00 -7.18 0.70 0.70 0.75 0.26 0.26 0.44 0.0010 0.0005 440.00 0 0 0 1 19.81
1 334893 40.46875 -107.71875 0.2000 0.0010 2.1284 0.9000 2 10.580 10.580 17.960 950.400 950.400 1096.800 -999 -999 -999 32.000 64.000 252.000 1956.73 0.10 0.20 0.70 6.23 4 7.686 7.686 10.047 0.350 0.350 0.400 1200.00 1200.00 1180.00 2685.00 2685.00 2685.00 -7.18 0.70 0.70 0.75 0.26 0.26 0.44 0.0010 0.0005 428.37 0 0 0 1 20.05
1 334894 40.53125 -107.71875 0.2000 0.0010 9.0606 0.9000 2 10.580 10.580 17.960 950.400 950.400 1096.800 -999 -999 -999 32.000 64.000 252.000 2007.22 0.10 0.20 0.70 6.16 4 7.686 7.686 10.047 0.350 0.350 0.400 1200.00 1200.00 1180.00 2685.00 2685.00 2685.00 -7.18 0.70 0.70 0.75 0.26 0.26 0.44 0.0010 0.0005 421.00 0 0 0 1 19.98
1 334895 40.59375 -107.71875 0.2000 0.0010 9.0499 0.9000 2 10.580 10.580 17.960 950.400 950.400 1096.800 -999 -999 -999 32.000 64.000 252.000 2066.86 0.10 0.20 0.70 6.00 4 7.686 7.686 10.047 0.350 0.350 0.400 1200.00 1200.00 1180.00 2685.00 2685.00 2685.00 -7.18 0.70 0.70 0.75 0.26 0.26 0.44 0.0010 0.0005 412.56 0 0 0 1 19.81
1 334896 40.65625 -107.71875 0.2000 0.0010 9.3588 0.9000 2 10.580 10.580 17.960 950.400 950.400 1096.800 -999 -999 -999 32.000 64.000 252.000 2118.57 0.10 0.20 0.70 5.79 4 7.686 7.686 10.047 0.350 0.350 0.400 1200.00 1200.00 1180.00 2685.00 2685.00 2685.00 -7.18 0.70 0.70 0.75 0.26 0.26 0.44 0.0010 0.0005 401.25 0 0 0 1 19.54
1 334897 40.71875 -107.71875 0.2000 0.0010 1.9562 0.9000 2 10.580 10.580 17.960 950.400 950.400 1096.800 -999 -999 -999 32.000 64.000 252.000 2165.32 0.10 0.20 0.70 5.61 4 7.686 7.686 10.047 0.350 0.350 0.400 1200.00 1200.00 1180.00 2685.00 2685.00 2685.00 -7.18 0.70 0.70 0.75 0.26 0.26 0.44 0.0010 0.0005 393.94 0 0 0 1 19.15
1 335691 40.15625 -107.65625 0.2000 0.0010 40.8312 0.9000 2 10.580 10.580 17.960 950.400 950.400 1096.800 -999 -999 -999 32.000 64.000 252.000 2447.21 0.10 0.20 0.70 3.91 4 7.686 7.686 10.047 0.350 0.350 0.400 1420.00 1420.00 1580.00 2685.00 2685.00 2685.00 -7.18 0.70 0.70 0.75 0.26 0.26 0.44 0.0010 0.0005 472.19 0 0 0 1 15.94
1 335692 40.21875 -107.65625 0.2000 0.0010 32.3619 0.9000 2 10.580 10.580 17.960 950.400 950.400 1096.800 -999 -999 -999 32.000 64.000 252.000 2151.23 0.10 0.20 0.70 5.24 4 7.686 7.686 10.047 0.350 0.350 0.400 1420.00 1420.00 1580.00 2685.00 2685.00 2685.00 -7.18 0.70 0.70 0.75 0.26 0.26 0.44 0.0010 0.0005 466.75 0 0 0 1 17.97
1 335693 40.28125 -107.65625 0.2000 0.0010 17.3452 0.9000 2 10.580 10.580 17.960 950.400 950.400 1096.800 -999 -999 -999 32.000 64.000 252.000 2063.18 0.10 0.20 0.70 5.76 4 7.686 7.686 10.047 0.350 0.350 0.400 1200.00 1200.00 1180.00 2685.00 2685.00 2685.00 -7.18 0.70 0.70 0.75 0.26 0.26 0.44 0.0010 0.0005 462.94 0 0 0 1 18.98
1 335694 40.34375 -107.65625 0.2000 0.0010 8.7864 0.9000 2 10.580 10.580 17.960 950.400 950.400 1096.800 -999 -999 -999 32.000 64.000 252.000 2067.32 0.10 0.20 0.70 5.71 4 7.686 7.686 10.047 0.350 0.350 0.400 1200.00 1200.00 1180.00 2685.00 2685.00 2685.00 -7.18 0.70 0.70 0.75 0.26 0.26 0.44 0.0010 0.0005 462.94 0 0 0 1 18.89
1 335695 40.40625 -107.65625 0.2000 0.0010 13.9379 0.9000 2 10.580 10.580 17.960 950.400 950.400 1096.800 -999 -999 -999 32.000 64.000 252.000 2018.22 0.10 0.20 0.70 5.98 4 7.686 7.686 10.047 0.350 0.350 0.400 1200.00 1200.00 1180.00 2685.00 2685.00 2685.00 -7.18 0.70 0.70 0.75 0.26 0.26 0.44 0.0010 0.0005 451.62 0 0 0 1 19.51
1 335696 40.46875 -107.65625 0.2000 0.0010 0.3322 0.9000 2 10.580 10.580 17.960 950.400 950.400 1096.800 -999 -999 -999 32.000 64.000 252.000 1942.66 0.10 0.20 0.70 6.23 4 7.686 7.686 10.047 0.350 0.350 0.400 1200.00 1200.00 1180.00 2685.00 2685.00 2685.00 -7.18 0.70 0.70 0.75 0.26 0.26 0.44 0.0010 0.0005 434.94 0 0 0 1 20.08
1 335697 40.53125 -107.65625 0.2000 0.0010 11.0262 0.9000 2 10.580 10.580 17.960 950.400 950.400 1096.800 -999 -999 -999 32.000 64.000 252.000 2020.19 0.10 0.20 0.70 6.11 4 7.686 7.686 10.047 0.350 0.350 0.400 1200.00 1200.00 1180.00 2685.00 2685.00 2685.00 -7.18 0.70 0.70 0.75 0.26 0.26 0.44 0.0010 0.0005 430.37 0 0 0 1 19.93
1 335698 40.59375 -107.65625 0.2000 0.0010 9.2155 0.9000 2 10.580 10.580 17.960 950.400 950.400 1096.800 -999 -999 -999 32.000 64.000 252.000 2081.65 0.10 0.20 0.70 5.90 4 7.686 7.686 10.047 0.350 0.350 0.400 1200.00 1200.00 1180.00 2685.00 2685.00 2685.00 -7.18 0.70 0.70 0.75 0.26 0.26 0.44 0.0010 0.0005 423.62 0 0 0 1 19.66
1 335699 40.65625 -107.65625 0.2000 0.0010 5.8492 0.9000 2 10.580 10.580 17.960 950.400 950.400 1096.800 -999 -999 -999 32.000 64.000 252.000 2141.17 0.10 0.20 0.70 5.54 4 7.686 7.686 10.047 0.350 0.350 0.400 1200.00 1200.00 1180.00 2685.00 2685.00 2685.00 -7.18 0.70 0.70 0.75 0.26 0.26 0.44 0.0010 0.0005 413.62 0 0 0 1 19.03
1 335700 40.71875 -107.65625 0.2000 0.0010 6.9503 0.9000 2 10.580 10.580 17.960 950.400 950.400 1096.800 -999 -999 -999 32.000 64.000 252.000 2154.57 0.10 0.20 0.70 5.53 4 7.686 7.686 10.047 0.350 0.350 0.400 1200.00 1200.00 1180.00 2685.00 2685.00 2685.00 -7.18 0.70 0.70 0.75 0.26 0.26 0.44 0.0010 0.0005 402.94 0 0 0 1 19.05
1 336496 40.15625 -107.59375 0.2000 0.0010 41.3037 0.9000 2 10.580 10.580 17.960 950.400 950.400 1096.800 -999 -999 -999 32.000 64.000 252.000 2601.95 0.10 0.20 0.70 3.30 4 7.686 7.686 10.047 0.350 0.350 0.400 1420.00 1420.00 1580.00 2685.00 2685.00 2685.00 -7.17 0.70 0.70 0.75 0.26 0.26 0.44 0.0010 0.0005 483.87 0 0 0 1 15.16
1 336497 40.21875 -107.59375 0.2000 0.0010 41.8303 0.9000 2 10.580 10.580 17.960 950.400 950.400 1096.800 -999 -999 -999 32.000 64.000 252.000 2354.70 0.10 0.20 0.70 4.43 4 7.686 7.686 10.047 0.350 0.350 0.400 1420.00 1420.00 1580.00 2685.00 2685.00 2685.00 -7.17 0.70 0.70 0.75 0.26 0.26 0.44 0.0010 0.0005 476.37 0 0 0 1 16.84
1 336498 40.28125 -107.59375 0.2000 0.0010 28.8251 0.9000 2 10.580 10.580 17.960 950.400 950.400 1096.800 -999 -999 -999 32.000 64.000 252.000 2255.56 0.10 0.20 0.70 4.92 4 7.686 7.686 10.047 0.350 0.350 0.400 1320.31 1320.31 1398.75 2685.00 2685.00 2685.00 -7.17 0.70 0.70 0.75 0.26 0.26 0.44 0.0010 0.0005 476.75 0 0 0 1 17.40
1 336499 40.34375 -107.59375 0.2000 0.0010 12.4879 0.9000 2 10.580 10.580 17.960 950.400 950.400 1096.800 -999 -999 -999 32.000 64.000 252.000 2119.82 0.10 0.20 0.70 5.51 4 7.686 7.686 10.047 0.350 0.350 0.400 1200.00 1200.00 1180.00 2685.00 2685.00 2685.00 -7.17 0.70 0.70 0.75 0.26 0.26 0.44 0.0010 0.0005 470.00 0 0 0 1 18.37
1 336500 40.40625 -107.59375 0.2000 0.0010 17.8284 0.9000 2 10.580 10.580 17.960 950.400 950.400 1096.800 -999 -999 -999 32.000 64.000 252.000 2110.38 0.10 0.20 0.70 5.60 4 7.686 7.686 10.047 0.350 0.350 0.400 1200.00 1200.00 1180.00 2685.00 2685.00 2685.00 -7.17 0.70 0.70 0.75 0.26 0.26 0.44 0.0010 0.0005 463.37 0 0 0 1 18.80
1 336501 40.46875 -107.59375 0.2000 0.0010 11.6268 0.9000 2 10.580 10.580 17.960 950.400 950.400 1096.800 -999 -999 -999 32.000 64.000 252.000 1952.95 0.10 0.20 0.70 6.11 4 7.686 7.686 10.047 0.350 0.350 0.400 1200.00 1200.00 1180.00 2685.00 2685.00 2685.00 -7.17 0.70 0.70 0.75 0.26 0.26 0.44 0.0010 0.0005 440.69 0 0 0 1 19.93
1 336502 40.53125 -107.59375 0.2000 0.0010 10.8091 0.9000 2 10.580 10.580 17.960 950.400 950.400 1096.800 -999 -999 -999 32.000 64.000 252.000 1967.63 0.10 0.20 0.70 6.22 4 7.686 7.686 10.047 0.350 0.350 0.400 1200.00 1200.00 1180.00 2685.00 2685.00 2685.00 -7.17 0.70 0.70 0.75 0.26 0.26 0.44 0.0010 0.0005 434.06 0 0 0 1 20.04
1 336503 40.59375 -107.59375 0.2000 0.0010 12.4715 0.9000 2 10.580 10.580 17.960 950.400 950.400 1096.800 -999 -999 -999 32.000 64.000 252.000 2062.45 0.10 0.20 0.70 5.92 4 7.686 7.686 10.047 0.350 0.350 0.400 1200.00 1200.00 1180.00 2685.00 2685.00 2685.00 -7.17 0.70 0.70 0.75 0.26 0.26 0.44 0.0010 0.0005 428.25 0 0 0 1 19.64
1 336504 40.65625 -107.59375 0.2000 0.0010 9.6320 0.9000 2 10.580 10.580 17.960 950.400 950.400 1096.800 -999 -999 -999 32.000 64.000 252.000 2095.10 0.10 0.20 0.70 5.66 4 7.686 7.686 10.047 0.350 0.350 0.400 1200.00 1200.00 1180.00 2685.00 2685.00 2685.00 -7.17 0.70 0.70 0.75 0.26 0.26 0.44 0.0010 0.0005 417.94 0 0 0 1 19.23
1 336505 40.71875 -107.59375 0.2000 0.0010 7.4113 0.9000 2 10.580 10.580 17.960 950.400 950.400 1096.800 -999 -999 -999 32.000 64.000 252.000 2076.88 0.10 0.20 0.70 5.74 4 7.686 7.686 10.047 0.350 0.350 0.400 1200.00 1200.00 1180.00 2685.00 2685.00 2685.00 -7.17 0.70 0.70 0.75 0.26 0.26 0.44 0.0010 0.0005 402.00 0 0 0 1 19.44
1 336506 40.78125 -107.59375 0.2000 0.0010 0.5375 0.9000 2 10.580 10.580 17.960 950.400 950.400 1096.800 -999 -999 -999 32.000 64.000 252.000 2103.90 0.10 0.20 0.70 5.74 4 7.686 7.686 10.047 0.350 0.350 0.400 1200.00 1200.00 1180.00 2685.00 2685.00 2685.00 -7.17 0.70 0.70 0.75 0.26 0.26 0.44 0.0010 0.0005 392.44 0 0 0 1 19.44
1 337300 40.15625 -107.53125 0.2000 0.0010 18.5160 0.9000 2 10.580 10.580 17.960 950.400 950.400 1096.800 -999 -999 -999 32.000 64.000 252.000 2864.70 0.10 0.20 0.70 2.01 4 7.686 7.686 10.047 0.350 0.350 0.400 1420.00 1420.00 1580.00 2685.00 2685.00 2685.00 -7.17 0.70 0.70 0.75 0.26 0.26 0.44 0.0010 0.0005 509.94 0 0 0 1 13.44
1 337301 40.21875 -107.53125 0.2000 0.0010 39.8994 0.9000 2 10.580 10.580 17.960 950.400 950.400 1096.800 -999 -999 -999 32.000 64.000 252.000 2565.81 0.10 0.20 0.70 3.46 4 7.686 7.686 10.047 0.350 0.350 0.400 1420.00 1420.00 1580.00 2685.00 2685.00 2685.00 -7.17 0.70 0.70 0.75 0.26 0.26 0.44 0.0010 0.0005 493.44 0 0 0 1 15.11
1 337302 40.28125 -107.53125 0.2000 0.0010 32.6805 0.9000 2 10.580 10.580 17.960 950.400 950.400 1096.800 -999 -999 -999 32.000 64.000 252.000 2351.62 0.10 0.20 0.70 4.31 4 7.686 7.686 10.047 0.350 0.350 0.400 1392.50 1392.50 1530.00 2685.00 2685.00 2685.00 -7.17 0.70 0.70 0.75 0.26 0.26 0.44 0.0010 0.0005 484.62 0 0 0 1 16.21
1 337303 40.34375 -107.53125 0.2000 0.0010 13.5767 0.9000 2 10.580 10.580 17.960 950.400 950.400 1096.800 -999 -999 -999 32.000 64.000 252.000 2141.46 0.10 0.20 0.70 5.24 4 7.686 7.686 10.047 0.350 0.350 0.400 1200.00 1200.00 1180.00 2685.00 2685.00 2685.00 -7.17 0.70 0.70 0.75 0.26 0.26 0.44 0.0010 0.0005 469.44 0 0 0 1 17.77
1 337304 40.40625 -107.53125 0.2000 0.0010 14.4466 0.9000 2 10.580 10.580 17.960 950.400 950.400 1096.800 -999 -999 -999 32.000 64.000 252.000 2177.68 0.10 0.20 0.70 5.24 4 7.686 7.686 10.047 0.350 0.350 0.400 1200.00 1200.00 1180.00 2685.00 2685.00 2685.00 -7.17 0.70 0.70 0.75 0.26 0.26 0.44 0.0010 0.0005 471.44 0 0 0 1 17.90
1 337305 40.46875 -107.53125 0.2000 0.0010 20.8576 0.9000 2 10.580 10.580 17.960 950.400 950.400 1096.800 -999 -999 -999 32.000 64.000 252.000 1995.37 0.10 0.20 0.70 5.95 4 7.686 7.686 10.047 0.350 0.350 0.400 1200.00 1200.00 1180.00 2685.00 2685.00 2685.00 -7.17 0.70 0.70 0.75 0.26 0.26 0.44 0.0010 0.0005 444.81 0 0 0 1 19.56
1 337306 40.53125 -107.53125 0.2000 0.0010 1.5688 0.9000 2 10.580 10.580 17.960 950.400 950.400 1096.800 -999 -999 -999 32.000 64.000 252.000 1932.53 0.10 0.20 0.70 6.24 4 7.686 7.686 10.047 0.350 0.350 0.400 1200.00 1200.00 1180.00 2685.00 2685.00 2685.00 -7.17 0.70 0.70 0.75 0.26 0.26 0.44 0.0010 0.0005 433.31 0 0 0 1 20.08
1 337307 40.59375 -107.53125 0.2000 0.0010 9.7132 0.9000 2 10.580 10.580 17.960 950.400 950.400 1096.800 -999 -999 -999 32.000 64.000 252.000 1981.87 0.10 0.20 0.70 6.06 4 7.686 7.686 10.047 0.350 0.350 0.400 1200.00 1200.00 1180.00 2685.00 2685.00 2685.00 -7.17 0.70 0.70 0.75 0.26 0.26 0.44 0.0010 0.0005 423.56 0 0 0 1 19.95
1 337308 40.65625 -107.53125 0.2000 0.0010 9.5843 0.9000 2 10.580 10.580 17.960 950.400 950.400 1096.800 -999 -999 -999 32.000 64.000 252.000 2019.36 0.10 0.20 0.70 5.89 4 7.686 7.686 10.047 0.350 0.350 0.400 1200.00 1200.00 1180.00 2685.00 2685.00 2685.00 -7.17 0.70 0.70 0.75 0.26 0.26 0.44 0.0010 0.0005 417.00 0 0 0 1 19.75
1 337309 40.71875 -107.53125 0.2000 0.0010 14.4584 0.9000 2 10.580 10.580 17.960 950.400 950.400 1096.800 -999 -999 -999 32.000 64.000 252.000 2060.65 0.10 0.20 0.70 5.80 4 7.686 7.686 10.047 0.350 0.350 0.400 1200.00 1200.00 1180.00 2685.00 2685.00 2685.00 -7.17 0.70 0.70 0.75 0.26 0.26 0.44 0.0010 0.0005 408.94 0 0 0 1 19.56
1 337310 40.78125 -107.53125 0.2000 0.0010 28.6856 0.9000 2 10.580 10.580 17.960 950.400 950.400 1096.800 -999 -999 -999 32.000 64.000 252.000 2149.02 0.10 0.20 0.70 5.49 4 7.686 7.686 10.047 0.350 0.350 0.400 1200.00 1200.00 1180.00 2685.00 2685.00 2685.00 -7.17 0.70 0.70 0.75 0.26 0.26 0.44 0.0010 0.0005 410.25 0 0 0 1 18.86
1 338105 40.15625 -107.46875 0.2000 0.0010 18.9866 0.9000 2 10.580 10.580 17.960 950.400 950.400 1096.800 -999 -999 -999 32.000 64.000 252.000 2705.81 0.10 0.20 0.70 2.37 4 7.686 7.686 10.047 0.350 0.350 0.400 1420.00 1420.00 1580.00 2685.00 2685.00 2685.00 -7.16 0.70 0.70 0.75 0.26 0.26 0.44 0.0010 0.0005 504.06 0 0 0 1 13.83
1 338106 40.21875 -107.46875 0.2000 0.0010 29.8494 0.9000 2 10.580 10.580 17.960 950.400 950.400 1096.800 -999 -999 -999 32.000 64.000 252.000 2459.92 0.10 0.20 0.70 3.60 4 7.686 7.686 10.047 0.350 0.350 0.400 1420.00 1420.00 1580.00 2685.00 2685.00 2685.00 -7.16 0.70 0.70 0.75 0.26 0.26 0.44 0.0010 0.0005 494.50 0 0 0 1 15.11
1 338107 40.28125 -107.46875 0.2000 0.0010 24.5623 0.9000 2 10.580 10.580 17.960 950.400 950.400 1096.800 -999 -999 -999 32.000 64.000 252.000 2319.67 0.10 0.20 0.70 4.22 4 7.686 7.686 10.047 0.350 0.350 0.400 1392.50 1392.50 1530.00 2685.00 2685.00 2685.00 -7.16 0.70 0.70 0.75 0.26 0.26 0.44 0.0010 0.0005 487.44 0 0 0 1 16.13
1 338108 40.34375 -107.46875 0.2000 0.0010 8.3757 0.9000 2 10.580 10.580 17.960 950.400 950.400 1096.800 -999 -999 -999 32.000 64.000 252.000 2158.12 0.10 0.20 0.70 5.06 4 7.686 7.686 10.047 0.350 0.350 0.400 1200.00 1200.00 1180.00 2685.00 2685.00 2685.00 -7.16 0.70 0.70 0.75 0.26 0.26 0.44 0.0010 0.0005 476.37 0 0 0 1 17.57
1 338109 40.40625 -107.46875 0.2000 0.0010 8.7724 0.9000 2 10.580 10.580 17.960 950.400 950.400 1096.800 -999 -999 -999 32.000 64.000 252.000 2227.91 0.10 0.20 0.70 4.97 4 7.686 7.686 10.047 0.350 0.350 0.400 1200.00 1200.00 1180.00 2685.00 2685.00 2685.00 -7.16 0.70 0.70 0.75 0.26 0.26 0.44 0.0010 0.0005 480.87 0 0 0 1 17.36
1 338110 40.46875 -107.46875 0.2000 0.0010 21.2564 0.9000 2 10.580 10.580 17.960 950.400 950.400 1096.800 -999 -999 -999 32.000 64.000 252.000 2071.73 0.10 0.20 0.70 5.63 4 7.686 7.686 10.047 0.350 0.350 0.400 1200.00 1200.00 1180.00 2685.00 2685.00 2685.00 -7.16 0.70 0.70 0.75 0.26 0.26 0.44 0.0010 0.0005 454.25 0 0 0 1 18.80
1 338111 40.53125 -107.46875 0.2000 0.0010 8.0217 0.9000 2 10.580 10.580 17.960 950.400 950.400 1096.800 -999 -999 -999 32.000 64.000 252.000 1952.53 0.10 0.20 0.70 6.12 4 7.686 7.686 10.047 0.350 0.350 0.400 1200.00 1200.00 1180.00 2685.00 2685.00 2685.00 -7.16 0.70 0.70 0.75 0.26 0.26 0.44 0.0010 0.0005 431.00 0 0 0 1 19.89
1 338112 40.59375 -107.46875 0.2000 0.0010 4.2671 0.9000 2 10.580 10.580 17.960 950.400 950.400 1096.800 -999 -999 -999 32.000 64.000 252.000 1971.82 0.10 0.20 0.70 6.05 4 7.686 7.686 10.047 0.350 0.350 0.400 1200.00 1200.00 1180.00 2685.00 2685.00 2685.00 -7.16 0.70 0.70 0.75 0.26 0.26 0.44 0.0010 0.0005 425.75 0 0 0 1 19.96
1 338113 40.65625 -107.46875 0.2000 0.0010 18.7627 0.9000 2 10.580 10.580 17.960 950.400 950.400 1096.800 -999 -999 -999 32.000 64.000 252.000 1999.92 0.10 0.20 0.70 5.97 4 7.686 7.686 10.047 0.350 0.350 0.400 1200.00 1200.00 1180.00 2685.00 2685.00 2685.00 -7.16 0.70 0.70 0.75 0.26 0.26 0.44 0.0010 0.0005 418.06 0 0 0 1 19.72
1 338114 40.71875 -107.46875 0.2000 0.0010 41.6915 0.9000 2 10.580 10.580 17.960 950.400 950.400 1096.800 -999 -999 -999 32.000 64.000 252.000 2211.35 0.10 0.20 0.70 5.17 4 7.686 7.686 10.047 0.350 0.350 0.400 1200.00 1200.00 1180.00 2685.00 2685.00 2685.00 -7.16 0.70 0.70 0.75 0.26 0.26 0.44 0.0010 0.0005 437.19 0 0 0 1 17.97
1 338115 40.78125 -107.46875 0.2000 0.0010 55.9442 0.9000 2 10.580 10.580 17.960 950.400 950.400 1096.800 -999 -999 -999 32.000 64.000 252.000 2455.79 0.10 0.20 0.70 4.11 4 7.686 7.686 10.047 0.350 0.350 0.400 1200.00 1200.00 1180.00 2685.00 2685.00 2685.00 -7.16 0.70 0.70 0.75 0.26 0.26 0.44 0.0010 0.0005 459.56 0 0 0 1 16.24
1 338909 40.15625 -107.40625 0.2000 0.0010 33.8448 0.9000 2 10.580 10.580 17.960 950.400 950.400 1096.800 -999 -999 -999 32.000 64.000 252.000 2739.34 0.10 0.20 0.70 2.22 4 7.686 7.686 10.047 0.350 0.350 0.400 1420.00 1420.00 1580.00 2685.00 2685.00 2685.00 -7.16 0.70 0.70 0.75 0.26 0.26 0.44 0.0010 0.0005 510.06 0 0 0 1 13.67
1 338910 40.21875 -107.40625 0.2000 0.0010 42.5396 0.9000 2 10.580 10.580 17.960 950.400 950.400 1096.800 -999 -999 -999 32.000 64.000 252.000 2499.00 0.10 0.20 0.70 3.45 4 7.686 7.686 10.047 0.350 0.350 0.400 1420.00 1420.00 1580.00 2685.00 2685.00 2685.00 -7.16 0.70 0.70 0.75 0.26 0.26 0.44 0.0010 0.0005 503.31 0 0 0 1 15.00
1 338911 40.28125 -107.40625 0.2000 0.0010 22.9621 0.9000 2 10.580 10.580 17.960 950.400 950.400 1096.800 -999 -999 -999 32.000 64.000 252.000 2240.63 0.10 0.20 0.70 4.48 4 7.686 7.686 10.047 0.350 0.350 0.400 1392.50 1392.50 1530.00 2685.00 2685.00 2685.00 -7.16 0.70 0.70 0.75 0.26 0.26 0.44 0.0010 0.0005 489.69 0 0 0 1 16.64
1 338912 40.34375 -107.40625 0.2000 0.0010 8.0700 0.9000 2 10.580 10.580 17.960 950.400 950.400 1096.800 -999 -999 -999 32.000 64.000 252.000 2200.40 0.10 0.20 0.70 4.85 4 7.686 7.686 10.047 0.350 0.350 0.400 1200.00 1200.00 1180.00 2685.00 2685.00 2685.00 -7.16 0.70 0.70 0.75 0.26 0.26 0.44 0.0010 0.0005 491.00 0 0 0 1 17.13
1 338913 40.40625 -107.40625 0.2000 0.0010 14.3731 0.9000 2 10.580 10.580 17.960 950.400 950.400 1096.800 -999 -999 -999 32.000 64.000 252.000 2251.67 0.10 0.20 0.70 4.70 4 7.686 7.686 10.047 0.350 0.350 0.400 1200.00 1200.00 1180.00 2685.00 2685.00 2685.00 -7.16 0.70 0.70 0.75 0.26 0.26 0.44 0.0010 0.0005 487.44 0 0 0 1 16.94
1 338914 40.46875 -107.40625 0.2000 0.0010 22.5167 0.9000 2 10.580 10.580 17.960 950.400 950.400 1096.800 -999 -999 -999 32.000 64.000 252.000 2040.44 0.10 0.20 0.70 5.64 4 7.686 7.686 10.047 0.350 0.350 0.400 1200.00 1200.00 1180.00 2685.00 2685.00 2685.00 -7.16 0.70 0.70 0.75 0.26 0.26 0.44 0.0010 0.0005 451.25 0 0 0 1 18.79
1 338915 40.53125 -107.40625 0.2000 0.0010 8.3390 0.9000 2 10.580 10.580 17.960 950.400 950.400 1096.800 -999 -999 -999 32.000 64.000 252.000 1965.04 0.10 0.20 0.70 6.03 4 7.686 7.686 10.047 0.350 0.350 0.400 1200.00 1200.00 1180.00 2685.00 2685.00 2685.00 -7.16 0.70 0.70 0.75 0.26 0.26 0.44 0.0010 0.0005 431.56 0 0 0 1 19.64
1 338916 40.59375 -107.40625 0.2000 0.0010 9.8203 0.9000 2 10.580 10.580 17.960 950.400 950.400 1096.800 -999 -999 -999 32.000 64.000 252.000 2010.89 0.10 0.20 0.70 5.89 4 7.686 7.686 10.047 0.350 0.350 0.400 1200.00 1200.00 1180.00 2685.00 2685.00 2685.00 -7.16 0.70 0.70 0.75 0.26 0.26 0.44 0.0010 0.0005 434.19 0 0 0 1 19.51
1 338917 40.65625 -107.40625 0.2000 0.0010 28.1611 0.9000 2 10.580 10.580 17.960 950.400 950.400 1096.800 -999 -999 -999 32.000 64.000 252.000 2075.86 0.10 0.20 0.70 5.56 4 7.686 7.686 10.047 0.350 0.350 0.400 1200.00 1200.00 1180.00 2685.00 2685.00 2685.00 -7.16 0.70 0.70 0.75 0.26 0.26 0.44 0.0010 0.0005 432.13 0 0 0 1 18.54
1 338918 40.71875 -107.40625 0.2000 0.0010 61.2656 0.9000 2 10.580 10.580 17.960 950.400 950.400 1096.800 -999 -999 -999 32.000 64.000 252.000 2355.22 0.10 0.20 0.70 4.06 4 7.686 7.686 10.047 0.350 0.350 0.400 1200.00 1200.00 1180.00 2685.00 2685.00 2685.00 -7.16 0.70 0.70 0.75 0.26 0.26 0.44 0.0010 0.0005 463.06 0 0 0 1 15.89
1 338919 40.78125 -107.40625 0.2000 0.0010 43.3489 0.9000 2 10.580 10.580 17.960 950.400 950.400 1096.800 -999 -999 -999 32.000 64.000 252.000 2826.43 0.10 0.20 0.70 1.80 4 7.686 7.686 10.047 0.350 0.350 0.400 1200.00 1200.00 1180.00 2685.00 2685.00 2685.00 -7.16 0.70 0.70 0.75 0.26 0.26 0.44 0.0010 0.0005 519.94 0 0 0 1 12.87
1 339713 40.15625 -107.34375 0.2000 0.0010 20.2654 0.9000 2 10.580 10.580 17.960 950.400 950.400 1096.800 -999 -999 -999 32.000 64.000 252.000 3006.79 0.10 0.20 0.70 1.17 4 7.686 7.686 10.047 0.350 0.350 0.400 1420.00 1420.00 1580.00 2685.00 2685.00 2685.00 -7.16 0.70 0.70 0.75 0.26 0.26 0.44 0.0010 0.0005 536.19 0 0 0 1 12.41
1 339714 40.21875 -107.34375 0.2000 0.0010 49.4274 0.9000 2 10.580 10.580 17.960 950.400 950.400 1096.800 -999 -999 -999 32.000 64.000 252.000 2705.41 0.10 0.20 0.70 2.61 4 7.686 7.686 10.047 0.350 0.350 0.400 1420.00 1420.00 1580.00 2685.00 2685.00 2685.00 -7.16 0.70 0.70 0.75 0.26 0.26 0.44 0.0010 0.0005 518.00 0 0 0 1 14.02
1 339715 40.28125 -107.34375 0.2000 0.0010 35.6219 0.9000 2 10.580 10.580 17.960 950.400 950.400 1096.800 -999 -999 -999 32.000 64.000 252.000 2361.47 0.10 0.20 0.70 3.98 4 7.686 7.686 10.047 0.350 0.350 0.400 1392.50 1392.50 1530.00 2685.00 2685.00 2685.00 -7.16 0.70 0.70 0.75 0.26 0.26 0.44 0.0010 0.0005 502.00 0 0 0 1 15.82
1 339716 40.34375 -107.34375 0.2000 0.0010 18.8205 0.9000 2 10.580 10.580 17.960 950.400 950.400 1096.800 -999 -999 -999 32.000 64.000 252.000 2260.44 0.10 0.20 0.70 4.50 4 7.686 7.686 10.047 0.350 0.350 0.400 1200.00 1200.00 1180.00 2685.00 2685.00 2685.00 -7.16 0.70 0.70 0.75 0.26 0.26 0.44 0.0010 0.0005 502.38 0 0 0 1 16.56
1 339717 40.40625 -107.34375 0.2000 0.0010 22.6953 0.9000 2 10.580 10.580 17.960 950.400 950.400 1096.800 -999 -999 -999 32.000 64.000 252.000 2130.57 0.10 0.20 0.70 5.17 4 7.686 7.686 10.047 0.350 0.350 0.400 1200.00 1200.00 1180.00 2685.00 2685.00 2685.00 -7.16 0.70 0.70 0.75 0.26 0.26 0.44 0.0010 0.0005 471.81 0 0 0 1 17.99
1 339718 40.46875 -107.34375 0.2000 0.0010 7.0856 0.9000 2 10.580 10.580 17.960 950.400 950.400 1096.800 -999 -999 -999 32.000 64.000 252.000 2000.67 0.10 0.20 0.70 5.72 4 7.686 7.686 10.047 0.350 0.350 0.400 1200.00 1200.00 1180.00 2685.00 2685.00 2685.00 -7.16 0.70 0.70 0.75 0.26 0.26 0.44 0.0010 0.0005 442.94 0 0 0 1 19.11
1 339719 40.53125 -107.34375 0.2000 0.0010 10.3292 0.9000 2 10.580 10.580 17.960 950.400 950.400 1096.800 -999 -999 -999 32.000 64.000 252.000 2054.80 0.10 0.20 0.70 5.68 4 7.686 7.686 10.047 0.350 0.350 0.400 1200.00 1200.00 1180.00 2685.00 2685.00 2685.00 -7.16 0.70 0.70 0.75 0.26 0.26 0.44 0.0010 0.0005 448.31 0 0 0 1 18.95
1 339720 40.59375 -107.34375 0.2000 0.0010 8.3759 0.9000 2 10.580 10.580 17.960 950.400 950.400 1096.800 -999 -999 -999 32.000 64.000 252.000 2035.85 0.10 0.20 0.70 5.71 4 7.686 7.686 10.047 0.350 0.350 0.400 1200.00 1200.00 1180.00 2685.00 2685.00 2685.00 -7.16 0.70 0.70 0.75 0.26 0.26 0.44 0.0010 0.0005 438.19 0 0 0 1 18.93
1 339721 40.65625 -107.34375 0.2000 0.0010 35.3722 0.9000 2 10.580 10.580 17.960 950.400 950.400 1096.800 -999 -999 -999 32.000 64.000 252.000 2131.24 0.10 0.20 0.70 5.18 4 7.686 7.686 10.047 0.350 0.350 0.400 1200.00 1200.00 1180.00 2685.00 2685.00 2685.00 -7.16 0.70 0.70 0.75 0.26 0.26 0.44 0.0010 0.0005 447.25 0 0 0 1 17.75
1 339722 40.71875 -107.34375 0.2000 0.0010 58.4211 0.9000 2 10.580 10.580 17.960 950.400 950.400 1096.800 -999 -999 -999 32.000 64.000 252.000 2495.26 0.10 0.20 0.70 3.25 4 7.686 7.686 10.047 0.350 0.350 0.400 1200.00 1200.00 1180.00 2685.00 2685.00 2685.00 -7.16 0.70 0.70 0.75 0.26 0.26 0.44 0.0010 0.0005 493.94 0 0 0 1 14.71
1 340517 40.15625 -107.28125 0.2000 0.0010 41.0370 0.9000 2 10.580 10.580 17.960 950.400 950.400 1096.800 -999 -999 -999 32.000 64.000 252.000 2891.66 0.10 0.20 0.70 1.73 4 7.686 7.686 10.047 0.350 0.350 0.400 1420.00 1420.00 1580.00 2685.00 2685.00 2685.00 -7.15 0.70 0.70 0.75 0.26 0.26 0.44 0.0010 0.0005 530.56 0 0 0 1 12.92
1 340518 40.21875 -107.28125 0.2000 0.0010 38.8433 0.9000 2 10.580 10.580 17.960 950.400 950.400 1096.800 -999 -999 -999 32.000 64.000 252.000 2572.89 0.10 0.20 0.70 3.10 4 7.686 7.686 10.047 0.350 0.350 0.400 1420.00 1420.00 1580.00 2685.00 2685.00 2685.00 -7.15 0.70 0.70 0.75 0.26 0.26 0.44 0.0010 0.0005 517.44 0 0 0 1 14.60
1 340519 40.28125 -107.28125 0.2000 0.0010 24.4936 0.9000 2 10.580 10.580 17.960 950.400 950.400 1096.800 -999 -999 -999 32.000 64.000 252.000 2381.82 0.10 0.20 0.70 3.76 4 7.686 7.686 10.047 0.350 0.350 0.400 1392.50 1392.50 1530.00 2685.00 2685.00 2685.00 -7.15 0.70 0.70 0.75 0.26 0.26 0.44 0.0010 0.0005 515.69 0 0 0 1 15.51
1 340520 40.34375 -107.28125 0.2000 0.0010 21.4652 0.9000 2 10.580 10.580 17.960 950.400 950.400 1096.800 -999 -999 -999 32.000 64.000 252.000 2286.23 0.10 0.20 0.70 4.37 4 7.686 7.686 10.047 0.350 0.350 0.400 1200.00 1200.00 1180.00 2685.00 2685.00 2685.00 -7.15 0.70 0.70 0.75 0.26 0.26 0.44 0.0010 0.0005 507.62 0 0 0 1 16.44
1 340521 40.40625 -107.28125 0.2000 0.0010 23.0775 0.9000 2 10.580 10.580 17.960 950.400 950.400 1096.800 -999 -999 -999 32.000 64.000 252.000 2109.64 0.10 0.20 0.70 5.22 4 7.686 7.686 10.047 0.350 0.350 0.400 1200.00 1200.00 1180.00 2685.00 2685.00 2685.00 -7.15 0.70 0.70 0.75 0.26 0.26 0.44 0.0010 0.0005 472.19 0 0 0 1 18.18
1 340522 40.46875 -107.28125 0.2000 0.0010 1.3666 0.9000 2 10.580 10.580 17.960 950.400 950.400 1096.800 -999 -999 -999 32.000 64.000 252.000 1987.99 0.10 0.20 0.70 5.72 4 7.686 7.686 10.047 0.350 0.350 0.400 1200.00 1200.00 1180.00 2685.00 2685.00 2685.00 -7.15 0.70 0.70 0.75 0.26 0.26 0.44 0.0010 0.0005 441.06 0 0 0 1 19.18
1 340523 40.53125 -107.28125 0.2000 0.0010 7.5858 0.9000 2 10.580 10.580 17.960 950.400 950.400 1096.800 -999 -999 -999 32.000 64.000 252.000 2092.10 0.10 0.20 0.70 5.46 4 7.686 7.686 10.047 0.350 0.350 0.400 1200.00 1200.00 1180.00 2685.00 2685.00 2685.00 -7.15 0.70 0.70 0.75 0.26 0.26 0.44 0.0010 0.0005 459.56 0 0 0 1 18.47
1 340524 40.59375 -107.28125 0.2000 0.0010 9.4746 0.9000 2 10.580 10.580 17.960 950.400 950.400 1096.800 -999 -999 -999 32.000 64.000 252.000 2087.60 0.10 0.20 0.70 5.35 4 7.686 7.686 10.047 0.350 0.350 0.400 1200.00 1200.00 1180.00 2685.00 2685.00 2685.00 -7.15 0.70 0.70 0.75 0.26 0.26 0.44 0.0010 0.0005 452.25 0 0 0 1 18.18
1 340525 40.65625 -107.28125 0.2000 0.0010 28.2754 0.9000 2 10.580 10.580 17.960 950.400 950.400 1096.800 -999 -999 -999 32.000 64.000 252.000 2144.69 0.10 0.20 0.70 4.91 4 7.686 7.686 10.047 0.350 0.350 0.400 1200.00 1200.00 1180.00 2685.00 2685.00 2685.00 -7.15 0.70 0.70 0.75 0.26 0.26 0.44 0.0010 0.0005 454.00 0 0 0 1 17.26
1 340526 40.71875 -107.28125 0.2000 0.0010 46.7262 0.9000 2 10.580 10.580 17.960 950.400 950.400 1096.800 -999 -999 -999 32.000 64.000 252.000 2443.91 0.10 0.20 0.70 3.38 4 7.686 7.686 10.047 0.350 0.350 0.400 1200.00 1200.00 1180.00 2685.00 2685.00 2685.00 -7.15 0.70 0.70 0.75 0.26 0.26 0.44 0.0010 0.0005 495.06 0 0 0 1 14.87
1 341320 40.09375 -107.21875 0.2000 0.0010 38.8102 0.9000 2 10.580 10.580 17.960 950.400 950.400 1096.800 -999 -999 -999 32.000 64.000 252.000 3087.79 0.10 0.20 0.70 0.84 4 7.686 7.686 10.047 0.350 0.350 0.400 1420.00 1420.00 1580.00 2685.00 2685.00 2685.00 -7.15 0.70 0.70 0.75 0.26 0.26 0.44 0.0010 0.0005 550.37 0 0 0 1 11.99
1 341321 40.15625 -107.21875 0.2000 0.0010 31.4385 0.9000 2 10.580 10.580 17.960 950.400 950.400 1096.800 -999 -999 -999 32.000 64.000 252.000 2736.35 0.10 0.20 0.70 2.32 4 7.686 7.686 10.047 0.350 0.350 0.400 1420.00 1420.00 1580.00 2685.00 2685.00 2685.00 -7.15 0.70 0.70 0.75 0.26 0.26 0.44 0.0010 0.0005 523.75 0 0 0 1 13.52
1 341322 40.21875 -107.21875 0.2000 0.0010 24.5952 0.9000 2 10.580 10.580 17.960 950.400 950.400 1096.800 -999 -999 -999 32.000 64.000 252.000 2680.20 0.10 0.20 0.70 2.48 4 7.686 7.686 10.047 0.350 0.350 0.400 1420.00 1420.00 1580.00 2685.00 2685.00 2685.00 -7.15 0.70 0.70 0.75 0.26 0.26 0.44 0.0010 0.0005 534.25 0 0 0 1 13.73
1 341323 40.28125 -107.21875 0.2000 0.0010 27.0396 0.9000 2 10.580 10.580 17.960 950.400 950.400 1096.800 -999 -999 -999 32.000 64.000 252.000 2503.46 0.10 0.20 0.70 3.22 4 7.686 7.686 10.047 0.350 0.350 0.400 1392.50 1392.50 1530.00 2685.00 2685.00 2685.00 -7.15 0.70 0.70 0.75 0.26 0.26 0.44 0.0010 0.0005 525.69 0 0 0 1 14.85
1 341324 40.34375 -107.21875 0.2000 0.0010 24.4438 0.9000 2 10.580 10.580 17.960 950.400 950.400 1096.800 -999 -999 -999 32.000 64.000 252.000 2332.13 0.10 0.20 0.70 4.01 4 7.686 7.686 10.047 0.350 0.350 0.400 1200.00 1200.00 1180.00 2685.00 2685.00 2685.00 -7.15 0.70 0.70 0.75 0.26 0.26 0.44 0.0010 0.0005 521.38 0 0 0 1 15.90
1 341325 40.40625 -107.21875 0.2000 0.0010 25.6614 0.9000 2 10.580 10.580 17.960 950.400 950.400 1096.800 -999 -999 -999 32.000 64.000 252.000 2183.67 0.10 0.20 0.70 4.81 4 7.686 7.686 10.047 0.350 0.350 0.400 1200.00 1200.00 1180.00 2685.00 2685.00 2685.00 -7.15 0.70 0.70 0.75 0.26 0.26 0.44 0.0010 0.0005 495.56 0 0 0 1 17.27
1 341326 40.46875 -107.21875 0.2000 0.0010 10.8835 0.9000 2 10.580 10.580 17.960 950.400 950.400 1096.800 -999 -999 -999 32.000 64.000 252.000 1996.94 0.10 0.20 0.70 5.63 4 7.686 7.686 10.047 0.350 0.350 0.400 1200.00 1200.00 1180.00 2685.00 2685.00 2685.00 -7.15 0.70 0.70 0.75 0.26 0.26 0.44 0.0010 0.0005 451.50 0 0 0 1 18.91
1 341327 40.53125 -107.21875 0.2000 0.0010 11.9330 0.9000 2 10.580 10.580 17.960 950.400 950.400 1096.800 -999 -999 -999 32.000 64.000 252.000 2051.79 0.10 0.20 0.70 5.50 4 7.686 7.686 10.047 0.350 0.350 0.400 1200.00 1200.00 1180.00 2685.00 2685.00 2685.00 -7.15 0.70 0.70 0.75 0.26 0.26 0.44 0.0010 0.0005 456.88 0 0 0 1 18.43
1 341328 40.59375 -107.21875 0.2000 0.0010 23.9086 0.9000 2 10.580 10.580 17.960 950.400 950.400 1096.800 -999 -999 -999 32.000 64.000 252.000 2145.20 0.10 0.20 0.70 5.02 4 7.686 7.686 10.047 0.350 0.350 0.400 1200.00 1200.00 1180.00 2685.00 2685.00 2685.00 -7.15 0.70 0.70 0.75 0.26 0.26 0.44 0.0010 0.0005 472.06 0 0 0 1 17.70
1 341329 40.65625 -107.21875 0.2000 0.0010 35.0693 0.9000 2 10.580 10.580 17.960 950.400 950.400 1096.800 -999 -999 -999 32.000 64.000 252.000 2233.29 0.10 0.20 0.70 4.39 4 7.686 7.686 10.047 0.350 0.350 0.400 1200.00 1200.00 1180.00 2685.00 2685.00 2685.00 -7.15 0.70 0.70 0.75 0.26 0.26 0.44 0.0010 0.0005 478.94 0 0 0 1 16.58
1 341330 40.71875 -107.21875 0.2000 0.0010 37.5552 0.9000 2 10.580 10.580 17.960 950.400 950.400 1096.800 -999 -999 -999 32.000 64.000 252.000 2462.76 0.10 0.20 0.70 3.09 4 7.686 7.686 10.047 0.350 0.350 0.400 1392.50 1392.50 1530.00 2685.00 2685.00 2685.00 -7.15 0.70 0.70 0.75 0.26 0.26 0.44 0.0010 0.0005 511.38 0 0 0 1 14.56
1 342124 40.03125 -107.15625 0.2000 0.0010 12.3122 0.9000 2 10.580 10.580 17.960 950.400 950.400 1096.800 -999 -999 -999 32.000 64.000 252.000 3345.55 0.10 0.20 0.70 -0.59 4 7.686 7.686 10.047 0.350 0.350 0.400 1420.00 1420.00 1580.00 2685.00 2685.00 2685.00 -7.14 0.70 0.70 0.75 0.26 0.26 0.44 0.0010 0.0005 587.50 0 0 0 1 10.98
1 342125 40.09375 -107.15625 0.2000 0.0010 34.3000 0.9000 2 10.580 10.580 17.960 950.400 950.400 1096.800 -999 -999 -999 32.000 64.000 252.000 3267.35 0.10 0.20 0.70 -0.04 4 7.686 7.686 10.047 0.350 0.350 0.400 1420.00 1420.00 1580.00 2685.00 2685.00 2685.00 -7.14 0.70 0.70 0.75 0.26 0.26 0.44 0.0010 0.0005 586.94 0 0 0 1 11.18
1 342126 40.15625 -107.15625 0.2000 0.0010 42.7292 0.9000 2 10.580 10.580 17.960 950.400 950.400 1096.800 -999 -999 -999 32.000 64.000 252.000 2957.09 0.10 0.20 0.70 1.50 4 7.686 7.686 10.047 0.350 0.350 0.400 1420.00 1420.00 1580.00 2685.00 2685.00 2685.00 -7.14 0.70 0.70 0.75 0.26 0.26 0.44 0.0010 0.0005 545.87 0 0 0 1 12.48
1 342127 40.21875 -107.15625 0.2000 0.0010 38.5972 0.9000 2 10.580 10.580 17.960 950.400 950.400 1096.800 -999 -999 -999 32.000 64.000 252.000 2790.42 0.10 0.20 0.70 2.12 4 7.686 7.686 10.047 0.350 0.350 0.400 1420.00 1420.00 1580.00 2685.00 2685.00 2685.00 -7.14 0.70 0.70 0.75 0.26 0.26 0.44 0.0010 0.0005 542.31 0 0 0 1 13.23
1 342128 40.28125 -107.15625 0.2000 0.0010 41.1303 0.9000 2 10.580 10.580 17.960 950.400 950.400 1096.800 -999 -999 -999 32.000 64.000 252.000 2450.99 0.10 0.20 0.70 3.45 4 7.686 7.686 10.047 0.350 0.350 0.400 1392.50 1392.50 1530.00 2685.00 2685.00 2685.00 -7.14 0.70 0.70 0.75 0.26 0.26 0.44 0.0010 0.0005 527.75 0 0 0 1 15.11
1 342129 40.34375 -107.15625 0.2000 0.0010 26.0571 0.9000 2 10.580 10.580 17.960 950.400 950.400 1096.800 -999 -999 -999 32.000 64.000 252.000 2257.43 0.10 0.20 0.70 4.18 4 7.686 7.686 10.047 0.350 0.350 0.400 1200.00 1200.00 1180.00 2685.00 2685.00 2685.00 -7.14 0.70 0.70 0.75 0.26 0.26 0.44 0.0010 0.0005 512.75 0 0 0 1 16.29
1 342130 40.40625 -107.15625 0.2000 0.0010 16.5055 0.9000 2 10.580 10.580 17.960 950.400 950.400 1096.800 -999 -999 -999 32.000 64.000 252.000 2145.12 0.10 0.20 0.70 4.93 4 7.686 7.686 10.047 0.350 0.350 0.400 1200.00 1200.00 1180.00 2685.00 2685.00 2685.00 -7.14 0.70 0.70 0.75 0.26 0.26 0.44 0.0010 0.0005 488.06 0 0 0 1 17.57
1 342131 40.46875 -107.15625 0.2000 0.0010 12.5075 0.9000 2 10.580 10.580 17.960 950.400 950.400 1096.800 -999 -999 -999 32.000 64.000 252.000 2041.58 0.10 0.20 0.70 5.47 4 7.686 7.686 10.047 0.350 0.350 0.400 1200.00 1200.00 1180.00 2685.00 2685.00 2685.00 -7.14 0.70 0.70 0.75 0.26 0.26 0.44 0.0010 0.0005 468.75 0 0 0 1 18.54
1 342132 40.53125 -107.15625 0.2000 0.0010 27.4503 0.9000 2 10.580 10.580 17.960 950.400 950.400 1096.800 -999 -999 -999 32.000 64.000 252.000 2141.52 0.10 0.20 0.70 5.11 4 7.686 7.686 10.047 0.350 0.350 0.400 1200.00 1200.00 1180.00 2685.00 2685.00 2685.00 -7.14 0.70 0.70 0.75 0.26 0.26 0.44 0.0010 0.0005 488.00 0 0 0 1 17.78
1 342133 40.59375 -107.15625 0.2000 0.0010 33.2503 0.9000 2 10.580 10.580 17.960 950.400 950.400 1096.800 -999 -999 -999 32.000 64.000 252.000 2336.12 0.10 0.20 0.70 4.22 4 7.686 7.686 10.047 0.350 0.350 0.400 1200.00 1200.00 1180.00 2685.00 2685.00 2685.00 -7.14 0.70 0.70 0.75 0.26 0.26 0.44 0.0010 0.0005 517.25 0 0 0 1 16.41
1 342134 40.65625 -107.15625 0.2000 0.0010 33.7751 0.9000 2 10.580 10.580 17.960 950.400 950.400 1096.800 -999 -999 -999 32.000 64.000 252.000 2468.32 0.10 0.20 0.70 3.27 4 7.686 7.686 10.047 0.350 0.350 0.400 1200.00 1200.00 1180.00 2685.00 2685.00 2685.00 -7.14 0.70 0.70 0.75 0.26 0.26 0.44 0.0010 0.0005 525.62 0 0 0 1 14.91
1 342135 40.71875 -107.15625 0.2000 0.0010 19.2750 0.9000 2 10.580 10.580 17.960 950.400 950.400 1096.800 -999 -999 -999 32.000 64.000 252.000 2541.34 0.10 0.20 0.70 2.62 4 7.686 7.686 10.047 0.350 0.350 0.400 1392.50 1392.50 1530.00 2685.00 2685.00 2685.00 -7.14 0.70 0.70 0.75 0.26 0.26 0.44 0.0010 0.0005 524.87 0 0 0 1 14.20
1 342136 40.78125 -107.15625 0.2000 0.0010 4.6059 0.9000 2 10.580 10.580 17.960 950.400 950.400 1096.800 -999 -999 -999 32.000 64.000 252.000 2618.18 0.10 0.20 0.70 2.44 4 7.686 7.686 10.047 0.350 0.350 0.400 1420.00 1420.00 1580.00 2685.00 2685.00 2685.00 -7.14 0.70 0.70 0.75 0.26 0.26 0.44 0.0010 0.0005 530.81 0 0 0 1 13.64
1 342929 40.03125 -107.09375 0.2000 0.0010 21.3527 0.9000 2 10.580 10.580 17.960 950.400 950.400 1096.800 -999 -999 -999 32.000 64.000 252.000 3272.97 0.10 0.20 0.70 -0.19 4 7.686 7.686 10.047 0.350 0.350 0.400 1420.00 1420.00 1580.00 2685.00 2685.00 2685.00 -7.14 0.70 0.70 0.75 0.26 0.26 0.44 0.0010 0.0005 576.06 0 0 0 1 11.15
1 342930 40.09375 -107.09375 0.2000 0.0010 29.7918 0.9000 2 10.580 10.580 17.960 950.400 950.400 1096.800 -999 -999 -999 32.000 64.000 252.000 3309.92 0.10 0.20 0.70 -0.21 4 7.686 7.686 10.047 0.350 0.350 0.400 1420.00 1420.00 1580.00 2685.00 2685.00 2685.00 -7.14 0.70 0.70 0.75 0.26 0.26 0.44 0.0010 0.0005 588.44 0 0 0 1 10.95
1 342931 40.15625 -107.09375 0.2000 0.0010 54.1279 0.9000 2 10.580 10.580 17.960 950.400 950.400 1096.800 -999 -999 -999 32.000 64.000 252.000 3024.43 0.10 0.20 0.70 1.09 4 7.686 7.686 10.047 0.350 0.350 0.400 1420.00 1420.00 1580.00 2685.00 2685.00 2685.00 -7.14 0.70 0.70 0.75 0.26 0.26 0.44 0.0010 0.0005 561.25 0 0 0 1 11.99
1 342932 40.21875 -107.09375 0.2000 0.0010 49.9926 0.9000 2 10.580 10.580 17.960 950.400 950.400 1096.800 -999 -999 -999 32.000 64.000 252.000 2646.88 0.10 0.20 0.70 2.73 4 7.686 7.686 10.047 0.350 0.350 0.400 1420.00 1420.00 1580.00 2685.00 2685.00 2685.00 -7.14 0.70 0.70 0.75 0.26 0.26 0.44 0.0010 0.0005 533.50 0 0 0 1 13.88
1 342933 40.28125 -107.09375 0.2000 0.0010 35.3165 0.9000 2 10.580 10.580 17.960 950.400 950.400 1096.800 -999 -999 -999 32.000 64.000 252.000 2415.76 0.10 0.20 0.70 3.64 4 7.686 7.686 10.047 0.350 0.350 0.400 1392.50 1392.50 1530.00 2685.00 2685.00 2685.00 -7.14 0.70 0.70 0.75 0.26 0.26 0.44 0.0010 0.0005 530.12 0 0 0 1 15.29
1 342934 40.34375 -107.09375 0.2000 0.0010 19.8103 0.9000 2 10.580 10.580 17.960 950.400 950.400 1096.800 -999 -999 -999 32.000 64.000 252.000 2182.83 0.10 0.20 0.70 4.36 4 7.686 7.686 10.047 0.350 0.350 0.400 1200.00 1200.00 1180.00 2685.00 2685.00 2685.00 -7.14 0.70 0.70 0.75 0.26 0.26 0.44 0.0010 0.0005 497.69 0 0 0 1 17.09
1 342935 40.40625 -107.09375 0.2000 0.0010 5.4497 0.9000 2 10.580 10.580 17.960 950.400 950.400 1096.800 -999 -999 -999 32.000 64.000 252.000 2163.57 0.10 0.20 0.70 4.61 4 7.686 7.686 10.047 0.350 0.350 0.400 1200.00 1200.00 1180.00 2685.00 2685.00 2685.00 -7.14 0.70 0.70 0.75 0.26 0.26 0.44 0.0010 0.0005 500.19 0 0 0 1 17.43
1 342936 40.46875 -107.09375 0.2000 0.0010 7.4840 0.9000 2 10.580 10.580 17.960 950.400 950.400 1096.800 -999 -999 -999 32.000 64.000 252.000 2156.26 0.10 0.20 0.70 4.81 4 7.686 7.686 10.047 0.350 0.350 0.400 1200.00 1200.00 1180.00 2685.00 2685.00 2685.00 -7.14 0.70 0.70 0.75 0.26 0.26 0.44 0.0010 0.0005 500.56 0 0 0 1 17.30
1 342937 40.53125 -107.09375 0.2000 0.0010 21.3468 0.9000 2 10.580 10.580 17.960 950.400 950.400 1096.800 -999 -999 -999 32.000 64.000 252.000 2253.65 0.10 0.20 0.70 4.47 4 7.686 7.686 10.047 0.350 0.350 0.400 1200.00 1200.00 1180.00 2685.00 2685.00 2685.00 -7.14 0.70 0.70 0.75 0.26 0.26 0.44 0.0010 0.0005 520.44 0 0 0 1 16.48
1 342938 40.59375 -107.09375 0.2000 0.0010 28.5832 0.9000 2 10.580 10.580 17.960 950.400 950.400 1096.800 -999 -999 -999 32.000 64.000 252.000 2426.32 0.10 0.20 0.70 3.55 4 7.686 7.686 10.047 0.350 0.350 0.400 1200.00 1200.00 1180.00 2685.00 2685.00 2685.00 -7.14 0.70 0.70 0.75 0.26 0.26 0.44 0.0010 0.0005 538.81 0 0 0 1 15.14
1 342939 40.65625 -107.09375 0.2000 0.0010 20.1136 0.9000 2 10.580 10.580 17.960 950.400 950.400 1096.800 -999 -999 -999 32.000 64.000 252.000 2614.62 0.10 0.20 0.70 2.39 4 7.686 7.686 10.047 0.350 0.350 0.400 1200.00 1200.00 1180.00 2685.00 2685.00 2685.00 -7.14 0.70 0.70 0.75 0.26 0.26 0.44 0.0010 0.0005 556.56 0 0 0 1 13.73
1 342940 40.71875 -107.09375 0.2000 0.0010 11.5812 0.9000 2 10.580 10.580 17.960 950.400 950.400 1096.800 -999 -999 -999 32.000 64.000 252.000 2660.51 0.10 0.20 0.70 2.28 4 7.686 7.686 10.047 0.350 0.350 0.400 1392.50 1392.50 1530.00 2685.00 2685.00 2685.00 -7.14 0.70 0.70 0.75 0.26 0.26 0.44 0.0010 0.0005 550.56 0 0 0 1 13.76
1 343735 40.03125 -107.03125 0.2000 0.0010 32.7614 0.9000 2 10.580 10.580 17.960 950.400 950.400 1096.800 -999 -999 -999 32.000 64.000 252.000 3092.36 0.10 0.20 0.70 0.76 4 7.686 7.686 10.047 0.350 0.350 0.400 1420.00 1420.00 1580.00 2685.00 2685.00 2685.00 -7.14 0.70 0.70 0.75 0.26 0.26 0.44 0.0010 0.0005 549.63 0 0 0 1 11.82
1 343736 40.09375 -107.03125 0.2000 0.0010 57.6494 0.9000 2 10.580 10.580 17.960 950.400 950.400 1096.800 -999 -999 -999 32.000 64.000 252.000 2973.50 0.10 0.20 0.70 1.28 4 7.686 7.686 10.047 0.350 0.350 0.400 1420.00 1420.00 1580.00 2685.00 2685.00 2685.00 -7.14 0.70 0.70 0.75 0.26 0.26 0.44 0.0010 0.0005 538.38 0 0 0 1 12.31
1 343737 40.15625 -107.03125 0.2000 0.0010 54.1040 0.9000 2 10.580 10.580 17.960 950.400 950.400 1096.800 -999 -999 -999 32.000 64.000 252.000 2705.93 0.10 0.20 0.70 2.36 4 7.686 7.686 10.047 0.350 0.350 0.400 1420.00 1420.00 1580.00 2685.00 2685.00 2685.00 -7.14 0.70 0.70 0.75 0.26 0.26 0.44 0.0010 0.0005 516.81 0 0 0 1 13.49
1 343738 40.21875 -107.03125 0.2000 0.0010 27.7202 0.9000 2 10.580 10.580 17.960 950.400 950.400 1096.800 -999 -999 -999 32.000 64.000 252.000 2549.68 0.10 0.20 0.70 3.07 4 7.686 7.686 10.047 0.350 0.350 0.400 1420.00 1420.00 1580.00 2685.00 2685.00 2685.00 -7.14 0.70 0.70 0.75 0.26 0.26 0.44 0.0010 0.0005 519.44 0 0 0 1 14.39
1 343739 40.28125 -107.03125 0.2000 0.0010 27.0844 0.9000 2 10.580 10.580 17.960 950.400 950.400 1096.800 -999 -999 -999 32.000 64.000 252.000 2443.07 0.10 0.20 0.70 3.52 4 7.686 7.686 10.047 0.350 0.350 0.400 1392.50 1392.50 1530.00 2685.00 2685.00 2685.00 -7.14 0.70 0.70 0.75 0.26 0.26 0.44 0.0010 0.0005 526.75 0 0 0 1 15.10
1 343740 40.34375 -107.03125 0.2000 0.0010 27.9085 0.9000 2 10.580 10.580 17.960 950.400 950.400 1096.800 -999 -999 -999 32.000 64.000 252.000 2194.99 0.10 0.20 0.70 4.27 4 7.686 7.686 10.047 0.350 0.350 0.400 1200.00 1200.00 1180.00 2685.00 2685.00 2685.00 -7.14 0.70 0.70 0.75 0.26 0.26 0.44 0.0010 0.0005 502.19 0 0 0 1 17.08
1 343741 40.40625 -107.03125 0.2000 0.0010 9.5024 0.9000 2 10.580 10.580 17.960 950.400 950.400 1096.800 -999 -999 -999 32.000 64.000 252.000 2080.63 0.10 0.20 0.70 4.55 4 7.686 7.686 10.047 0.350 0.350 0.400 1200.00 1200.00 1180.00 2685.00 2685.00 2685.00 -7.14 0.70 0.70 0.75 0.26 0.26 0.44 0.0010 0.0005 494.75 0 0 0 1 17.94
1 343742 40.46875 -107.03125 0.2000 0.0010 12.0818 0.9000 2 10.580 10.580 17.960 950.400 950.400 1096.800 -999 -999 -999 32.000 64.000 252.000 2079.79 0.10 0.20 0.70 4.63 4 7.686 7.686 10.047 0.350 0.350 0.400 1200.00 1200.00 1180.00 2685.00 2685.00 2685.00 -7.14 0.70 0.70 0.75 0.26 0.26 0.44 0.0010 0.0005 499.06 0 0 0 1 17.46
1 343743 40.53125 -107.03125 0.2000 0.0010 16.3566 0.9000 2 10.580 10.580 17.960 950.400 950.400 1096.800 -999 -999 -999 32.000 64.000 252.000 2214.92 0.10 0.20 0.70 4.28 4 7.686 7.686 10.047 0.350 0.350 0.400 1200.00 1200.00 1180.00 2685.00 2685.00 2685.00 -7.14 0.70 0.70 0.75 0.26 0.26 0.44 0.0010 0.0005 525.13 0 0 0 1 16.28
1 343744 40.59375 -107.03125 0.2000 0.0010 22.4823 0.9000 2 10.580 10.580 17.960 950.400 950.400 1096.800 -999 -999 -999 32.000 64.000 252.000 2235.55 0.10 0.20 0.70 4.00 4 7.686 7.686 10.047 0.350 0.350 0.400 1200.00 1200.00 1180.00 2685.00 2685.00 2685.00 -7.14 0.70 0.70 0.75 0.26 0.26 0.44 0.0010 0.0005 523.81 0 0 0 1 15.93
1 343745 40.65625 -107.03125 0.2000 0.0010 42.4436 0.9000 2 10.580 10.580 17.960 950.400 950.400 1096.800 -999 -999 -999 32.000 64.000 252.000 2349.68 0.10 0.20 0.70 3.44 4 7.686 7.686 10.047 0.350 0.350 0.400 1200.00 1200.00 1180.00 2685.00 2685.00 2685.00 -7.14 0.70 0.70 0.75 0.26 0.26 0.44 0.0010 0.0005 531.63 0 0 0 1 15.10
1 343746 40.71875 -107.03125 0.2000 0.0010 35.2403 0.9000 2 10.580 10.580 17.960 950.400 950.400 1096.800 -999 -999 -999 32.000 64.000 252.000 2648.81 0.10 0.20 0.70 2.33 4 7.686 7.686 10.047 0.350 0.350 0.400 1392.50 1392.50 1530.00 2685.00 2685.00 2685.00 -7.14 0.70 0.70 0.75 0.26 0.26 0.44 0.0010 0.0005 566.13 0 0 0 1 13.45
1 343747 40.78125 -107.03125 0.2000 0.0010 17.7916 0.9000 2 10.580 10.580 17.960 950.400 950.400 1096.800 -999 -999 -999 32.000 64.000 252.000 2729.45 0.10 0.20 0.70 1.96 4 7.686 7.686 10.047 0.350 0.350 0.400 1420.00 1420.00 1580.00 2685.00 2685.00 2685.00 -7.14 0.70 0.70 0.75 0.26 0.26 0.44 0.0010 0.0005 566.31 0 0 0 1 12.95
1 343748 40.84375 -107.03125 0.2000 0.0010 7.8844 0.9000 2 10.580 10.580 17.960 950.400 950.400 1096.800 -999 -999 -999 32.000 64.000 252.000 2729.59 0.10 0.20 0.70 2.06 4 7.686 7.686 10.047 0.350 0.350 0.400 1420.00 1420.00 1580.00 2685.00 2685.00 2685.00 -7.14 0.70 0.70 0.75 0.26 0.26 0.44 0.0010 0.0005 560.31 0 0 0 1 12.94
1 344545 40.09375 -106.96875 0.2000 0.0010 44.0673 0.9000 2 10.580 10.580 17.960 950.400 950.400 1096.800 -999 -999 -999 32.000 64.000 252.000 2676.28 0.10 0.20 0.70 2.60 4 7.686 7.686 10.047 0.350 0.350 0.400 1420.00 1420.00 1580.00 2685.00 2685.00 2685.00 -7.13 0.70 0.70 0.75 0.26 0.26 0.44 0.0010 0.0005 485.50 0 0 0 1 13.96
1 344546 40.15625 -106.96875 0.2000 0.0010 27.6918 0.9000 2 10.580 10.580 17.960 950.400 950.400 1096.800 -999 -999 -999 32.000 64.000 252.000 2469.51 0.10 0.20 0.70 3.36 4 7.686 7.686 10.047 0.350 0.350 0.400 1420.00 1420.00 1580.00 2685.00 2685.00 2685.00 -7.13 0.70 0.70 0.75 0.26 0.26 0.44 0.0010 0.0005 465.25 0 0 0 1 15.02
1 344547 40.21875 -106.96875 0.2000 0.0010 8.5891 0.9000 2 10.580 10.580 17.960 950.400 950.400 1096.800 -999 -999 -999 32.000 64.000 252.000 2402.06 0.10 0.20 0.70 3.61 4 7.686 7.686 10.047 0.350 0.350 0.400 1420.00 1420.00 1580.00 2685.00 2685.00 2685.00 -7.13 0.70 0.70 0.75 0.26 0.26 0.44 0.0010 0.0005 481.94 0 0 0 1 15.20
1 344548 40.28125 -106.96875 0.2000 0.0010 12.7450 0.9000 2 10.580 10.580 17.960 950.400 950.400 1096.800 -999 -999 -999 32.000 64.000 252.000 2387.49 0.10 0.20 0.70 3.78 4 7.686 7.686 10.047 0.350 0.350 0.400 1392.50 1392.50 1530.00 2685.00 2685.00 2685.00 -7.13 0.70 0.70 0.75 0.26 0.26 0.44 0.0010 0.0005 502.69 0 0 0 1 15.40
1 344549 40.34375 -106.96875 0.2000 0.0010 21.5498 0.9000 2 10.580 10.580 17.960 950.400 950.400 1096.800 -999 -999 -999 32.000 64.000 252.000 2237.03 0.10 0.20 0.70 4.16 4 7.686 7.686 10.047 0.350 0.350 0.400 1200.00 1200.00 1180.00 2685.00 2685.00 2685.00 -7.13 0.70 0.70 0.75 0.26 0.26 0.44 0.0010 0.0005 503.44 0 0 0 1 16.64
1 344550 40.40625 -106.96875 0.2000 0.0010 16.5134 0.9000 2 10.580 10.580 17.960 950.400 950.400 1096.800 -999 -999 -999 32.000 64.000 252.000 2116.92 0.10 0.20 0.70 4.35 4 7.686 7.686 10.047 0.350 0.350 0.400 1200.00 1200.00 1180.00 2685.00 2685.00 2685.00 -7.13 0.70 0.70 0.75 0.26 0.26 0.44 0.0010 0.0005 509.81 0 0 0 1 17.53
1 344551 40.46875 -106.96875 0.2000 0.0010 6.2144 0.9000 2 10.580 10.580 17.960 950.400 950.400 1096.800 -999 -999 -999 32.000 64.000 252.000 2074.20 0.10 0.20 0.70 4.43 4 7.686 7.686 10.047 0.350 0.350 0.400 1200.00 1200.00 1180.00 2685.00 2685.00 2685.00 -7.13 0.70 0.70 0.75 0.26 0.26 0.44 0.0010 0.0005 513.19 0 0 0 1 17.44
1 344552 40.53125 -106.96875 0.2000 0.0010 11.9685 0.9000 2 10.580 10.580 17.960 950.400 950.400 1096.800 -999 -999 -999 32.000 64.000 252.000 2110.11 0.10 0.20 0.70 4.39 4 7.686 7.686 10.047 0.350 0.350 0.400 1200.00 1200.00 1180.00 2685.00 2685.00 2685.00 -7.13 0.70 0.70 0.75 0.26 0.26 0.44 0.0010 0.0005 524.56 0 0 0 1 16.95
1 344553 40.59375 -106.96875 0.2000 0.0010 10.7851 0.9000 2 10.580 10.580 17.960 950.400 950.400 1096.800 -999 -999 -999 32.000 64.000 252.000 2171.54 0.10 0.20 0.70 4.19 4 7.686 7.686 10.047 0.350 0.350 0.400 1200.00 1200.00 1180.00 2685.00 2685.00 2685.00 -7.13 0.70 0.70 0.75 0.26 0.26 0.44 0.0010 0.0005 525.31 0 0 0 1 16.56
1 344554 40.65625 -106.96875 0.2000 0.0010 17.9443 0.9000 2 10.580 10.580 17.960 950.400 950.400 1096.800 -999 -999 -999 32.000 64.000 252.000 2251.50 0.10 0.20 0.70 3.73 4 7.686 7.686 10.047 0.350 0.350 0.400 1200.00 1200.00 1180.00 2685.00 2685.00 2685.00 -7.13 0.70 0.70 0.75 0.26 0.26 0.44 0.0010 0.0005 532.00 0 0 0 1 15.53
1 344555 40.71875 -106.96875 0.2000 0.0010 28.6743 0.9000 2 10.580 10.580 17.960 950.400 950.400 1096.800 -999 -999 -999 32.000 64.000 252.000 2403.75 0.10 0.20 0.70 3.12 4 7.686 7.686 10.047 0.350 0.350 0.400 1200.00 1200.00 1180.00 2685.00 2685.00 2685.00 -7.13 0.70 0.70 0.75 0.26 0.26 0.44 0.0010 0.0005 549.25 0 0 0 1 14.43
1 344556 40.78125 -106.96875 0.2000 0.0010 24.7557 0.9000 2 10.580 10.580 17.960 950.400 950.400 1096.800 -999 -999 -999 32.000 64.000 252.000 2506.33 0.10 0.20 0.70 2.56 4 7.686 7.686 10.047 0.350 0.350 0.400 1420.00 1420.00 1580.00 2685.00 2685.00 2685.00 -7.13 0.70 0.70 0.75 0.26 0.26 0.44 0.0010 0.0005 554.25 0 0 0 1 13.85
1 344557 40.84375 -106.96875 0.2000 0.0010 1.7316 0.9000 2 10.580 10.580 17.960 950.400 950.400 1096.800 -999 -999 -999 32.000 64.000 252.000 2644.03 0.10 0.20 0.70 2.19 4 7.686 7.686 10.047 0.350 0.350 0.400 1420.00 1420.00 1580.00 2685.00 2685.00 2685.00 -7.13 0.70 0.70 0.75 0.26 0.26 0.44 0.0010 0.0005 565.31 0 0 0 1 13.18
1 345358 40.09375 -106.90625 0.2000 0.0010 16.2643 0.9000 2 10.580 10.580 17.960 950.400 950.400 1096.800 -999 -999 -999 32.000 64.000 252.000 2553.52 0.10 0.20 0.70 3.12 4 7.686 7.686 10.047 0.350 0.350 0.400 1420.00 1420.00 1580.00 2685.00 2685.00 2685.00 -7.13 0.70 0.70 0.75 0.26 0.26 0.44 0.0010 0.0005 445.75 0 0 0 1 14.89
1 345359 40.15625 -106.90625 0.2000 0.0010 23.3458 0.9000 2 10.580 10.580 17.960 950.400 950.400 1096.800 -999 -999 -999 32.000 64.000 252.000 2473.64 0.10 0.20 0.70 3.58 4 7.686 7.686 10.047 0.350 0.350 0.400 1420.00 1420.00 1580.00 2685.00 2685.00 2685.00 -7.13 0.70 0.70 0.75 0.26 0.26 0.44 0.0010 0.0005 446.31 0 0 0 1 15.47
1 345360 40.21875 -106.90625 0.2000 0.0010 19.1478 0.9000 2 10.580 10.580 17.960 950.400 950.400 1096.800 -999 -999 -999 32.000 64.000 252.000 2474.43 0.10 0.20 0.70 3.40 4 7.686 7.686 10.047 0.350 0.350 0.400 1420.00 1420.00 1580.00 2685.00 2685.00 2685.00 -7.13 0.70 0.70 0.75 0.26 0.26 0.44 0.0010 0.0005 487.75 0 0 0 1 15.08
1 345361 40.28125 -106.90625 0.2000 0.0010 15.6577 0.9000 2 10.580 10.580 17.960 950.400 950.400 1096.800 -999 -999 -999 32.000 64.000 252.000 2415.58 0.10 0.20 0.70 3.74 4 7.686 7.686 10.047 0.350 0.350 0.400 1392.50 1392.50 1530.00 2685.00 2685.00 2685.00 -7.13 0.70 0.70 0.75 0.26 0.26 0.44 0.0010 0.0005 492.75 0 0 0 1 15.36
1 345362 40.34375 -106.90625 0.2000 0.0010 15.4113 0.9000 2 10.580 10.580 17.960 950.400 950.400 1096.800 -999 -999 -999 32.000 64.000 252.000 2275.94 0.10 0.20 0.70 4.02 4 7.686 7.686 10.047 0.350 0.350 0.400 1200.00 1200.00 1180.00 2685.00 2685.00 2685.00 -7.13 0.70 0.70 0.75 0.26 0.26 0.44 0.0010 0.0005 505.31 0 0 0 1 16.12
1 345363 40.40625 -106.90625 0.2000 0.0010 9.4353 0.9000 2 10.580 10.580 17.960 950.400 950.400 1096.800 -999 -999 -999 32.000 64.000 252.000 2219.71 0.10 0.20 0.70 4.06 4 7.686 7.686 10.047 0.350 0.350 0.400 1200.00 1200.00 1180.00 2685.00 2685.00 2685.00 -7.13 0.70 0.70 0.75 0.26 0.26 0.44 0.0010 0.0005 523.69 0 0 0 1 16.45
1 345364 40.46875 -106.90625 0.2000 0.0010 13.2603 0.9000 2 10.580 10.580 17.960 950.400 950.400 1096.800 -999 -999 -999 32.000 64.000 252.000 2158.68 0.10 0.20 0.70 4.12 4 7.686 7.686 10.047 0.350 0.350 0.400 1200.00 1200.00 1180.00 2685.00 2685.00 2685.00 -7.13 0.70 0.70 0.75 0.26 0.26 0.44 0.0010 0.0005 533.81 0 0 0 1 16.78
1 345365 40.53125 -106.90625 0.2000 0.0010 12.5581 0.9000 2 10.580 10.580 17.960 950.400 950.400 1096.800 -999 -999 -999 32.000 64.000 252.000 2095.21 0.10 0.20 0.70 4.24 4 7.686 7.686 10.047 0.350 0.350 0.400 1200.00 1200.00 1180.00 2685.00 2685.00 2685.00 -7.13 0.70 0.70 0.75 0.26 0.26 0.44 0.0010 0.0005 539.37 0 0 0 1 17.05
1 345366 40.59375 -106.90625 0.2000 0.0010 34.6177 0.9000 2 10.580 10.580 17.960 950.400 950.400 1096.800 -999 -999 -999 32.000 64.000 252.000 2226.52 0.10 0.20 0.70 3.99 4 7.686 7.686 10.047 0.350 0.350 0.400 1200.00 1200.00 1180.00 2685.00 2685.00 2685.00 -7.13 0.70 0.70 0.75 0.26 0.26 0.44 0.0010 0.0005 547.44 0 0 0 1 16.18
1 345367 40.65625 -106.90625 0.2000 0.0010 29.2272 0.9000 2 10.580 10.580 17.960 950.400 950.400 1096.800 -999 -999 -999 32.000 64.000 252.000 2389.22 0.10 0.20 0.70 3.25 4 7.686 7.686 10.047 0.350 0.350 0.400 1200.00 1200.00 1180.00 2685.00 2685.00 2685.00 -7.13 0.70 0.70 0.75 0.26 0.26 0.44 0.0010 0.0005 567.25 0 0 0 1 14.77
1 345368 40.71875 -106.90625 0.2000 0.0010 13.5395 0.9000 2 10.580 10.580 17.960 950.400 950.400 1096.800 -999 -999 -999 32.000 64.000 252.000 2379.97 0.10 0.20 0.70 3.18 4 7.686 7.686 10.047 0.350 0.350 0.400 1272.19 1272.19 1311.25 2685.00 2685.00 2685.00 -7.13 0.70 0.70 0.75 0.26 0.26 0.44 0.0010 0.0005 555.25 0 0 0 1 14.71
1 345369 40.78125 -106.90625 0.2000 0.0010 27.4574 0.9000 2 10.580 10.580 17.960 950.400 950.400 1096.800 -999 -999 -999 32.000 64.000 252.000 2517.14 0.10 0.20 0.70 2.52 4 7.686 7.686 10.047 0.350 0.350 0.400 1420.00 1420.00 1580.00 2685.00 2685.00 2685.00 -7.13 0.70 0.70 0.75 0.26 0.26 0.44 0.0010 0.0005 569.63 0 0 0 1 13.88
1 345370 40.84375 -106.90625 0.2000 0.0010 21.6689 0.9000 2 10.580 10.580 17.960 950.400 950.400 1096.800 -999 -999 -999 32.000 64.000 252.000 2729.29 0.10 0.20 0.70 1.87 4 7.686 7.686 10.047 0.350 0.350 0.400 1420.00 1420.00 1580.00 2685.00 2685.00 2685.00 -7.13 0.70 0.70 0.75 0.26 0.26 0.44 0.0010 0.0005 589.13 0 0 0 1 12.84
1 346174 40.09375 -106.84375 0.2000 0.0010 15.6612 0.9000 2 10.580 10.580 17.960 950.400 950.400 1096.800 -999 -999 -999 32.000 64.000 252.000 2599.62 0.10 0.20 0.70 3.02 4 7.686 7.686 10.047 0.350 0.350 0.400 1420.00 1420.00 1580.00 2685.00 2685.00 2685.00 -7.12 0.70 0.70 0.75 0.26 0.26 0.44 0.0010 0.0005 452.87 0 0 0 1 14.68
1 346175 40.15625 -106.84375 0.2000 0.0010 25.3324 0.9000 2 10.580 10.580 17.960 950.400 950.400 1096.800 -999 -999 -999 32.000 64.000 252.000 2757.36 0.10 0.20 0.70 2.41 4 7.686 7.686 10.047 0.350 0.350 0.400 1420.00 1420.00 1580.00 2685.00 2685.00 2685.00 -7.12 0.70 0.70 0.75 0.26 0.26 0.44 0.0010 0.0005 517.81 0 0 0 1 13.59
1 346176 40.21875 -106.84375 0.2000 0.0010 33.2164 0.9000 2 10.580 10.580 17.960 950.400 950.400 1096.800 -999 -999 -999 32.000 64.000 252.000 2639.73 0.10 0.20 0.70 2.77 4 7.686 7.686 10.047 0.350 0.350 0.400 1420.00 1420.00 1580.00 2685.00 2685.00 2685.00 -7.12 0.70 0.70 0.75 0.26 0.26 0.44 0.0010 0.0005 514.81 0 0 0 1 14.06
1 346177 40.28125 -106.84375 0.2000 0.0010 36.7489 0.9000 2 10.580 10.580 17.960 950.400 950.400 1096.800 -999 -999 -999 32.000 64.000 252.000 2335.08 0.10 0.20 0.70 3.91 4 7.686 7.686 10.047 0.350 0.350 0.400 1409.69 1409.69 1561.25 2685.00 2685.00 2685.00 -7.12 0.70 0.70 0.75 0.26 0.26 0.44 0.0010 0.0005 479.25 0 0 0 1 15.58
1 346178 40.34375 -106.84375 0.2000 0.0010 21.8875 0.9000 2 10.580 10.580 17.960 950.400 950.400 1096.800 -999 -999 -999 32.000 64.000 252.000 2187.27 0.10 0.20 0.70 4.02 4 7.686 7.686 10.047 0.350 0.350 0.400 1285.94 1285.94 1336.25 2685.00 2685.00 2685.00 -7.12 0.70 0.70 0.75 0.26 0.26 0.44 0.0010 0.0005 501.56 0 0 0 1 16.31
1 346179 40.40625 -106.84375 0.2000 0.0010 14.6305 0.9000 2 10.580 10.580 17.960 950.400 950.400 1096.800 -999 -999 -999 32.000 64.000 252.000 2155.92 0.10 0.20 0.70 3.93 4 7.686 7.686 10.047 0.350 0.350 0.400 1200.00 1200.00 1180.00 2685.00 2685.00 2685.00 -7.12 0.70 0.70 0.75 0.26 0.26 0.44 0.0010 0.0005 530.44 0 0 0 1 16.29
1 346180 40.46875 -106.84375 0.2000 0.0010 23.9262 0.9000 2 10.580 10.580 17.960 950.400 950.400 1096.800 -999 -999 -999 32.000 64.000 252.000 2192.37 0.10 0.20 0.70 3.98 4 7.686 7.686 10.047 0.350 0.350 0.400 1200.00 1200.00 1180.00 2685.00 2685.00 2685.00 -7.12 0.70 0.70 0.75 0.26 0.26 0.44 0.0010 0.0005 553.69 0 0 0 1 16.34
1 346181 40.53125 -106.84375 0.2000 0.0010 46.1300 0.9000 2 10.580 10.580 17.960 950.400 950.400 1096.800 -999 -999 -999 32.000 64.000 252.000 2255.92 0.10 0.20 0.70 3.81 4 7.686 7.686 10.047 0.350 0.350 0.400 1337.50 1337.50 1430.00 2685.00 2685.00 2685.00 -7.12 0.70 0.70 0.75 0.26 0.26 0.44 0.0010 0.0005 567.00 0 0 0 1 15.92
1 346182 40.59375 -106.84375 0.2000 0.0010 55.5911 0.9000 2 10.580 10.580 17.960 950.400 950.400 1096.800 -999 -999 -999 32.000 64.000 252.000 2508.02 0.10 0.20 0.70 2.92 4 7.686 7.686 10.047 0.350 0.350 0.400 1337.50 1337.50 1430.00 2685.00 2685.00 2685.00 -7.12 0.70 0.70 0.75 0.26 0.26 0.44 0.0010 0.0005 593.25 0 0 0 1 14.33
1 346183 40.65625 -106.84375 0.2000 0.0010 41.7027 0.9000 2 10.580 10.580 17.960 950.400 950.400 1096.800 -999 -999 -999 32.000 64.000 252.000 2592.63 0.10 0.20 0.70 2.49 4 7.686 7.686 10.047 0.350 0.350 0.400 1337.50 1337.50 1430.00 2685.00 2685.00 2685.00 -7.12 0.70 0.70 0.75 0.26 0.26 0.44 0.0010 0.0005 603.19 0 0 0 1 13.67
1 346184 40.71875 -106.84375 0.2000 0.0010 30.0771 0.9000 2 10.580 10.580 17.960 950.400 950.400 1096.800 -999 -999 -999 32.000 64.000 252.000 2523.47 0.10 0.20 0.70 2.67 4 7.686 7.686 10.047 0.350 0.350 0.400 1409.69 1409.69 1561.25 2685.00 2685.00 2685.00 -7.12 0.70 0.70 0.75 0.26 0.26 0.44 0.0010 0.0005 591.37 0 0 0 1 13.96
1 346185 40.78125 -106.84375 0.2000 0.0010 29.1213 0.9000 2 10.580 10.580 17.960 950.400 950.400 1096.800 -999 -999 -999 32.000 64.000 252.000 2593.76 0.10 0.20 0.70 2.23 4 7.686 7.686 10.047 0.350 0.350 0.400 1420.00 1420.00 1580.00 2685.00 2685.00 2685.00 -7.12 0.70 0.70 0.75 0.26 0.26 0.44 0.0010 0.0005 600.13 0 0 0 1 13.46
1 346992 40.15625 -106.78125 0.2000 0.0010 9.2904 0.9000 2 10.580 10.580 17.960 950.400 950.400 1096.800 -999 -999 -999 32.000 64.000 252.000 2794.57 0.10 0.20 0.70 2.14 4 7.686 7.686 10.047 0.350 0.350 0.400 1420.00 1420.00 1580.00 2685.00 2685.00 2685.00 -7.12 0.70 0.70 0.75 0.26 0.26 0.44 0.0010 0.0005 533.00 0 0 0 1 13.12
1 346993 40.21875 -106.78125 0.2000 0.0010 23.0141 0.9000 2 10.580 10.580 17.960 950.400 950.400 1096.800 -999 -999 -999 32.000 64.000 252.000 2581.74 0.10 0.20 0.70 3.00 4 7.686 7.686 10.047 0.350 0.350 0.400 1420.00 1420.00 1580.00 2685.00 2685.00 2685.00 -7.12 0.70 0.70 0.75 0.26 0.26 0.44 0.0010 0.0005 487.25 0 0 0 1 14.26
1 346994 40.28125 -106.78125 0.2000 0.0010 42.0048 0.9000 2 10.580 10.580 17.960 950.400 950.400 1096.800 -999 -999 -999 32.000 64.000 252.000 2579.54 0.10 0.20 0.70 2.81 4 7.686 7.686 10.047 0.350 0.350 0.400 1420.00 1420.00 1580.00 2685.00 2685.00 2685.00 -7.12 0.70 0.70 0.75 0.26 0.26 0.44 0.0010 0.0005 524.44 0 0 0 1 13.97
1 346995 40.34375 -106.78125 0.2000 0.0010 56.9842 0.9000 2 10.580 10.580 17.960 950.400 950.400 1096.800 -999 -999 -999 32.000 64.000 252.000 2494.22 0.10 0.20 0.70 2.98 4 7.686 7.686 10.047 0.350 0.350 0.400 1409.69 1409.69 1561.25 2685.00 2685.00 2685.00 -7.12 0.70 0.70 0.75 0.26 0.26 0.44 0.0010 0.0005 534.37 0 0 0 1 14.44
1 346996 40.40625 -106.78125 0.2000 0.0010 55.5680 0.9000 2 10.580 10.580 17.960 950.400 950.400 1096.800 -999 -999 -999 32.000 64.000 252.000 2406.11 0.10 0.20 0.70 3.08 4 7.686 7.686 10.047 0.350 0.350 0.400 1272.19 1272.19 1311.25 2685.00 2685.00 2685.00 -7.12 0.70 0.70 0.75 0.26 0.26 0.44 0.0010 0.0005 552.00 0 0 0 1 14.71
1 346997 40.46875 -106.78125 0.2000 0.0010 61.7355 0.9000 2 10.580 10.580 17.960 950.400 950.400 1096.800 -999 -999 -999 32.000 64.000 252.000 2447.73 0.10 0.20 0.70 3.10 4 7.686 7.686 10.047 0.350 0.350 0.400 1368.44 1368.44 1486.25 2685.00 2685.00 2685.00 -7.12 0.70 0.70 0.75 0.26 0.26 0.44 0.0010 0.0005 576.94 0 0 0 1 14.81
1 346998 40.53125 -106.78125 0.2000 0.0010 66.1871 0.9000 2 10.580 10.580 17.960 950.400 950.400 1096.800 -999 -999 -999 32.000 64.000 252.000 2597.19 0.10 0.20 0.70 2.46 4 7.686 7.686 10.047 0.350 0.350 0.400 1420.00 1420.00 1580.00 2685.00 2685.00 2685.00 -7.12 0.70 0.70 0.75 0.26 0.26 0.44 0.0010 0.0005 607.87 0 0 0 1 13.80
1 346999 40.59375 -106.78125 0.2000 0.0010 55.3995 0.9000 2 10.580 10.580 17.960 950.400 950.400 1096.800 -999 -999 -999 32.000 64.000 252.000 2855.36 0.10 0.20 0.70 1.44 4 7.686 7.686 10.047 0.350 0.350 0.400 1420.00 1420.00 1580.00 2685.00 2685.00 2685.00 -7.12 0.70 0.70 0.75 0.26 0.26 0.44 0.0010 0.0005 634.12 0 0 0 1 12.60
1 347000 40.65625 -106.78125 0.2000 0.0010 51.7540 0.9000 2 10.580 10.580 17.960 950.400 950.400 1096.800 -999 -999 -999 32.000 64.000 252.000 2920.12 0.10 0.20 0.70 0.98 4 7.686 7.686 10.047 0.350 0.350 0.400 1420.00 1420.00 1580.00 2685.00 2685.00 2685.00 -7.12 0.70 0.70 0.75 0.26 0.26 0.44 0.0010 0.0005 641.25 0 0 0 1 12.17
1 347001 40.71875 -106.78125 0.2000 0.0010 46.6734 0.9000 2 10.580 10.580 17.960 950.400 950.400 1096.800 -999 -999 -999 32.000 64.000 252.000 2762.80 0.10 0.20 0.70 1.72 4 7.686 7.686 10.047 0.350 0.350 0.400 1420.00 1420.00 1580.00 2685.00 2685.00 2685.00 -7.12 0.70 0.70 0.75 0.26 0.26 0.44 0.0010 0.0005 633.94 0 0 0 1 12.84
1 347002 40.78125 -106.78125 0.2000 0.0010 25.8845 0.9000 2 10.580 10.580 17.960 950.400 950.400 1096.800 -999 -999 -999 32.000 64.000 252.000 2636.17 0.10 0.20 0.70 2.11 4 7.686 7.686 10.047 0.350 0.350 0.400 1420.00 1420.00 1580.00 2685.00 2685.00 2685.00 -7.12 0.70 0.70 0.75 0.26 0.26 0.44 0.0010 0.0005 622.81 0 0 0 1 13.47
1 347003 40.84375 -106.78125 0.2000 0.0010 31.0119 0.9000 2 10.580 10.580 17.960 950.400 950.400 1096.800 -999 -999 -999 32.000 64.000 252.000 2851.12 0.10 0.20 0.70 1.16 4 7.686 7.686 10.047 0.350 0.350 0.400 1420.00 1420.00 1580.00 2685.00 2685.00 2685.00 -7.12 0.70 0.70 0.75 0.26 0.26 0.44 0.0010 0.0005 630.69 0 0 0 1 12.40
1 347811 40.15625 -106.71875 0.2000 0.0010 19.7995 0.9000 2 10.580 10.580 17.960 950.400 950.400 1096.800 -999 -999 -999 32.000 64.000 252.000 2782.31 0.10 0.20 0.70 2.28 4 7.686 7.686 10.047 0.350 0.350 0.400 1420.00 1420.00 1580.00 2685.00 2685.00 2685.00 -7.11 0.70 0.70 0.75 0.26 0.26 0.44 0.0010 0.0005 517.13 0 0 0 1 13.28
1 347812 40.21875 -106.71875 0.2000 0.0010 32.8553 0.9000 2 10.580 10.580 17.960 950.400 950.400 1096.800 -999 -999 -999 32.000 64.000 252.000 2846.15 0.10 0.20 0.70 1.80 4 7.686 7.686 10.047 0.350 0.350 0.400 1420.00 1420.00 1580.00 2685.00 2685.00 2685.00 -7.11 0.70 0.70 0.75 0.26 0.26 0.44 0.0010 0.0005 560.81 0 0 0 1 12.73
1 347813 40.28125 -106.71875 0.2000 0.0010 23.6824 0.9000 2 10.580 10.580 17.960 950.400 950.400 1096.800 -999 -999 -999 32.000 64.000 252.000 2864.23 0.10 0.20 0.70 1.79 4 7.686 7.686 10.047 0.350 0.350 0.400 1420.00 1420.00 1580.00 2685.00 2685.00 2685.00 -7.11 0.70 0.70 0.75 0.26 0.26 0.44 0.0010 0.0005 568.56 0 0 0 1 12.78
1 347814 40.34375 -106.71875 0.2000 0.0010 33.2737 0.9000 2 10.580 10.580 17.960 950.400 950.400 1096.800 -999 -999 -999 32.000 64.000 252.000 2894.67 0.10 0.20 0.70 1.40 4 7.686 7.686 10.047 0.350 0.350 0.400 1420.00 1420.00 1580.00 2685.00 2685.00 2685.00 -7.11 0.70 0.70 0.75 0.26 0.26 0.44 0.0010 0.0005 594.62 0 0 0 1 12.41
1 347815 40.40625 -106.71875 0.2000 0.0010 44.7391 0.9000 2 10.580 10.580 17.960 950.400 950.400 1096.800 -999 -999 -999 32.000 64.000 252.000 2863.31 0.10 0.20 0.70 1.34 4 7.686 7.686 10.047 0.350 0.350 0.400 1420.00 1420.00 1580.00 2685.00 2685.00 2685.00 -7.11 0.70 0.70 0.75 0.26 0.26 0.44 0.0010 0.0005 607.00 0 0 0 1 12.46
1 347816 40.46875 -106.71875 0.2000 0.0010 45.7262 0.9000 2 10.580 10.580 17.960 950.400 950.400 1096.800 -999 -999 -999 32.000 64.000 252.000 2957.69 0.10 0.20 0.70 0.98 4 7.686 7.686 10.047 0.350 0.350 0.400 1420.00 1420.00 1580.00 2685.00 2685.00 2685.00 -7.11 0.70 0.70 0.75 0.26 0.26 0.44 0.0010 0.0005 627.25 0 0 0 1 12.13
1 347817 40.53125 -106.71875 0.2000 0.0010 34.0869 0.9000 2 10.580 10.580 17.960 950.400 950.400 1096.800 -999 -999 -999 32.000 64.000 252.000 3001.80 0.10 0.20 0.70 0.69 4 7.686 7.686 10.047 0.350 0.350 0.400 1420.00 1420.00 1580.00 2685.00 2685.00 2685.00 -7.11 0.70 0.70 0.75 0.26 0.26 0.44 0.0010 0.0005 641.63 0 0 0 1 11.85
1 347818 40.59375 -106.71875 0.2000 0.0010 22.3463 0.9000 2 10.580 10.580 17.960 950.400 950.400 1096.800 -999 -999 -999 32.000 64.000 252.000 3140.89 0.10 0.20 0.70 0.10 4 7.686 7.686 10.047 0.350 0.350 0.400 1420.00 1420.00 1580.00 2685.00 2685.00 2685.00 -7.11 0.70 0.70 0.75 0.26 0.26 0.44 0.0010 0.0005 653.25 0 0 0 1 11.26
1 347819 40.65625 -106.71875 0.2000 0.0010 26.3554 0.9000 2 10.580 10.580 17.960 950.400 950.400 1096.800 -999 -999 -999 32.000 64.000 252.000 3245.80 0.10 0.20 0.70 -0.47 4 7.686 7.686 10.047 0.350 0.350 0.400 1420.00 1420.00 1580.00 2685.00 2685.00 2685.00 -7.11 0.70 0.70 0.75 0.26 0.26 0.44 0.0010 0.0005 660.75 0 0 0 1 10.73
1 347820 40.71875 -106.71875 0.2000 0.0010 42.7338 0.9000 2 10.580 10.580 17.960 950.400 950.400 1096.800 -999 -999 -999 32.000 64.000 252.000 3050.31 0.10 0.20 0.70 0.52 4 7.686 7.686 10.047 0.350 0.350 0.400 1420.00 1420.00 1580.00 2685.00 2685.00 2685.00 -7.11 0.70 0.70 0.75 0.26 0.26 0.44 0.0010 0.0005 656.81 0 0 0 1 11.61
1 347821 40.78125 -106.71875 0.2000 0.0010 44.5119 0.9000 2 10.580 10.580 17.960 950.400 950.400 1096.800 -999 -999 -999 32.000 64.000 252.000 2911.81 0.10 0.20 0.70 0.97 4 7.686 7.686 10.047 0.350 0.350 0.400 1420.00 1420.00 1580.00 2685.00 2685.00 2685.00 -7.11 0.70 0.70 0.75 0.26 0.26 0.44 0.0010 0.0005 651.31 0 0 0 1 12.22
1 347822 40.84375 -106.71875 0.2000 0.0010 35.2266 0.9000 2 10.580 10.580 17.960 950.400 950.400 1096.800 -999 -999 -999 32.000 64.000 252.000 3083.27 0.10 0.20 0.70 0.19 4 7.686 7.686 10.047 0.350 0.350 0.400 1420.00 1420.00 1580.00 2685.00 2685.00 2685.00 -7.11 0.70 0.70 0.75 0.26 0.26 0.44 0.0010 0.0005 650.75 0 0 0 1 11.27
1 348637 40.21875 -106.65625 0.2000 0.0010 11.7017 0.9000 2 10.580 10.580 17.960 950.400 950.400 1096.800 -999 -999 -999 32.000 64.000 252.000 2993.35 0.10 0.20 0.70 1.05 4 7.686 7.686 10.047 0.350 0.350 0.400 1420.00 1420.00 1580.00 2685.00 2685.00 2685.00 -7.11 0.70 0.70 0.75 0.26 0.26 0.44 0.0010 0.0005 594.94 0 0 0 1 11.91
1 348638 40.28125 -106.65625 0.2000 0.0010 14.7935 0.9000 2 10.580 10.580 17.960 950.400 950.400 1096.800 -999 -999 -999 32.000 64.000 252.000 2877.89 0.10 0.20 0.70 1.58 4 7.686 7.686 10.047 0.350 0.350 0.400 1420.00 1420.00 1580.00 2685.00 2685.00 2685.00 -7.11 0.70 0.70 0.75 0.26 0.26 0.44 0.0010 0.0005 583.19 0 0 0 1 12.68
1 348640 40.40625 -106.65625 0.2000 0.0010 8.4502 0.9000 2 10.580 10.580 17.960 950.400 950.400 1096.800 -999 -999 -999 32.000 64.000 252.000 2973.34 0.10 0.20 0.70 0.86 4 7.686 7.686 10.047 0.350 0.350 0.400 1420.00 1420.00 1580.00 2685.00 2685.00 2685.00 -7.11 0.70 0.70 0.75 0.26 0.26 0.44 0.0010 0.0005 625.94 0 0 0 1 12.05
1 348646 40.78125 -106.65625 0.2000 0.0010 4.0894 0.9000 2 10.580 10.580 17.960 950.400 950.400 1096.800 -999 -999 -999 32.000 64.000 252.000 3201.85 0.10 0.20 0.70 -0.25 4 7.686 7.686 10.047 0.350 0.350 0.400 1420.00 1420.00 1580.00 2685.00 2685.00 2685.00 -7.11 0.70 0.70 0.75 0.26 0.26 0.44 0.0010 0.0005 660.13 0 0 0 1 10.66
