Y	M	D	Q_cfs
2005	10	1	196
2005	10	2	185
2005	10	3	155
2005	10	4	142
2005	10	5	222
2005	10	6	239
2005	10	7	310
2005	10	8	286
2005	10	9	271
2005	10	10	291
2005	10	11	418
2005	10	12	434
2005	10	13	385
2005	10	14	372
2005	10	15	362
2005	10	16	362
2005	10	17	412
2005	10	18	391
2005	10	19	393
2005	10	20	427
2005	10	21	438
2005	10	22	491
2005	10	23	506
2005	10	24	463
2005	10	25	420
2005	10	26	389
2005	10	27	375
2005	10	28	362
2005	10	29	362
2005	10	30	370
2005	10	31	402
2005	11	1	424
2005	11	2	389
2005	11	3	370
2005	11	4	358
2005	11	5	381
2005	11	6	381
2005	11	7	379
2005	11	8	406
2005	11	9	422
2005	11	10	404
2005	11	11	375
2005	11	12	371
2005	11	13	422
2005	11	14	463
2005	11	15	482
2005	11	16	448
2005	11	17	356
2005	11	18	397
2005	11	19	438
2005	11	20	429
2005	11	21	391
2005	11	22	358
2005	11	23	348
2005	11	24	327
2005	11	25	327
2005	11	26	327
2005	11	27	324
2005	11	28	312
2005	11	29	212
2005	11	30	222
2005	12	1	318
2005	12	2	347
2005	12	3	334
2005	12	4	324
2005	12	5	283
2005	12	6	297
2005	12	7	297
2005	12	8	233
2005	12	9	262
2005	12	10	294
2005	12	11	315
2005	12	12	337
2005	12	13	334
2005	12	14	324
2005	12	15	318
2005	12	16	318
2005	12	17	337
2005	12	18	347
2005	12	19	334
2005	12	20	344
2005	12	21	337
2005	12	22	321
2005	12	23	340
2005	12	24	318
2005	12	25	315
2005	12	26	312
2005	12	27	318
2005	12	28	306
2005	12	29	315
2005	12	30	303
2005	12	31	289
2006	1	1	297
2006	1	2	278
2006	1	3	283
2006	1	4	265
2006	1	5	267
2006	1	6	283
2006	1	7	294
2006	1	8	289
2006	1	9	265
2006	1	10	229
2006	1	11	265
2006	1	12	280
2006	1	13	245
2006	1	14	300
2006	1	15	315
2006	1	16	309
2006	1	17	278
2006	1	18	303
2006	1	19	292
2006	1	20	280
2006	1	21	252
2006	1	22	286
2006	1	23	252
2006	1	24	280
2006	1	25	312
2006	1	26	300
2006	1	27	292
2006	1	28	280
2006	1	29	275
2006	1	30	275
2006	1	31	267
2006	2	1	265
2006	2	2	265
2006	2	3	262
2006	2	4	262
2006	2	5	270
2006	2	6	260
2006	2	7	255
2006	2	8	245
2006	2	9	252
2006	2	10	236
2006	2	11	166
2006	2	12	212
2006	2	13	265
2006	2	14	245
2006	2	15	278
2006	2	16	233
2006	2	17	229
2006	2	18	252
2006	2	19	236
2006	2	20	238
2006	2	21	236
2006	2	22	227
2006	2	23	222
2006	2	24	233
2006	2	25	243
2006	2	26	250
2006	2	27	286
2006	2	28	331
2006	3	1	350
2006	3	2	340
2006	3	3	350
2006	3	4	364
2006	3	5	350
2006	3	6	364
2006	3	7	371
2006	3	8	371
2006	3	9	361
2006	3	10	357
2006	3	11	354
2006	3	12	350
2006	3	13	344
2006	3	14	337
2006	3	15	337
2006	3	16	337
2006	3	17	361
2006	3	18	417
2006	3	19	588
2006	3	20	704
2006	3	21	695
2006	3	22	660
2006	3	23	672
2006	3	24	728
2006	3	25	809
2006	3	26	927
2006	3	27	1030
2006	3	28	811
2006	3	29	816
2006	3	30	1110
2006	3	31	1150
2006	4	1	966
2006	4	2	1190
2006	4	3	1330
2006	4	4	1350
2006	4	5	1900
2006	4	6	2800
2006	4	7	2920
2006	4	8	2440
2006	4	9	2500
2006	4	10	3280
2006	4	11	4090
2006	4	12	4860
2006	4	13	5090
2006	4	14	6200
2006	4	15	7140
2006	4	16	7820
2006	4	17	6990
2006	4	18	7580
2006	4	19	6860
2006	4	20	5130
2006	4	21	4250
2006	4	22	4250
2006	4	23	5070
2006	4	24	6410
2006	4	25	7070
2006	4	26	6330
2006	4	27	5830
2006	4	28	6600
2006	4	29	6970
2006	4	30	6300
2006	5	1	6000
2006	5	2	6100
2006	5	3	6500
2006	5	4	6720
2006	5	5	6420
2006	5	6	6470
2006	5	7	5550
2006	5	8	5350
2006	5	9	5820
2006	5	10	5560
2006	5	11	4860
2006	5	12	4300
2006	5	13	4800
2006	5	14	5500
2006	5	15	6100
2006	5	16	6600
2006	5	17	7360
2006	5	18	7660
2006	5	19	7920
2006	5	20	8720
2006	5	21	9490
2006	5	22	9840
2006	5	23	10300
2006	5	24	11100
2006	5	25	10300
2006	5	26	9030
2006	5	27	9070
2006	5	28	8750
2006	5	29	7540
2006	5	30	5890
2006	5	31	4950
2006	6	1	4910
2006	6	2	5080
2006	6	3	5480
2006	6	4	5710
2006	6	5	5720
2006	6	6	6060
2006	6	7	6170
2006	6	8	5880
2006	6	9	5690
2006	6	10	6760
2006	6	11	5770
2006	6	12	4870
2006	6	13	4470
2006	6	14	4050
2006	6	15	3950
2006	6	16	3630
2006	6	17	2980
2006	6	18	2630
2006	6	19	2560
2006	6	20	2490
2006	6	21	2320
2006	6	22	2160
2006	6	23	1980
2006	6	24	1790
2006	6	25	1600
2006	6	26	1440
2006	6	27	1330
2006	6	28	1190
2006	6	29	1070
2006	6	30	1030
2006	7	1	962
2006	7	2	898
2006	7	3	840
2006	7	4	797
2006	7	5	810
2006	7	6	789
2006	7	7	792
2006	7	8	803
2006	7	9	844
2006	7	10	1110
2006	7	11	1370
2006	7	12	1070
2006	7	13	823
2006	7	14	686
2006	7	15	607
2006	7	16	535
2006	7	17	450
2006	7	18	394
2006	7	19	375
2006	7	20	380
2006	7	21	366
2006	7	22	338
2006	7	23	321
2006	7	24	283
2006	7	25	257
2006	7	26	238
2006	7	27	252
2006	7	28	258
2006	7	29	227
2006	7	30	196
2006	7	31	193
2006	8	1	207
2006	8	2	223
2006	8	3	297
2006	8	4	315
2006	8	5	274
2006	8	6	245
2006	8	7	216
2006	8	8	231
2006	8	9	236
2006	8	10	209
2006	8	11	171
2006	8	12	148
2006	8	13	171
2006	8	14	162
2006	8	15	172
2006	8	16	173
2006	8	17	167
2006	8	18	147
2006	8	19	121
2006	8	20	117
2006	8	21	114
2006	8	22	99.3
2006	8	23	101
2006	8	24	91.3
2006	8	25	91.9
2006	8	26	80.9
2006	8	27	90
2006	8	28	115
2006	8	29	166
2006	8	30	163
2006	8	31	154
2006	9	1	137
2006	9	2	117
2006	9	3	105
2006	9	4	110
2006	9	5	116
2006	9	6	103
2006	9	7	88.2
2006	9	8	81.3
2006	9	9	95.3
2006	9	10	110
2006	9	11	119
2006	9	12	197
2006	9	13	199
2006	9	14	148
2006	9	15	134
2006	9	16	288
2006	9	17	326
2006	9	18	480
2006	9	19	407
2006	9	20	313
2006	9	21	313
2006	9	22	400
2006	9	23	517
2006	9	24	530
2006	9	25	488
2006	9	26	438
2006	9	27	418
2006	9	28	419
2006	9	29	441
2006	9	30	456
2006	10	1	503
2006	10	2	488
2006	10	3	471
2006	10	4	466
2006	10	5	849
2006	10	6	666
2006	10	7	632
2006	10	8	878
2006	10	9	1000
2006	10	10	854
2006	10	11	807
2006	10	12	832
2006	10	13	738
2006	10	14	666
2006	10	15	660
2006	10	16	665
2006	10	17	707
2006	10	18	791
2006	10	19	741
2006	10	20	675
2006	10	21	664
2006	10	22	751
2006	10	23	709
2006	10	24	658
2006	10	25	642
2006	10	26	705
2006	10	27	672
2006	10	28	625
2006	10	29	622
2006	10	30	640
2006	10	31	656
2006	11	1	630
2006	11	2	575
2006	11	3	503
2006	11	4	499
2006	11	5	523
2006	11	6	512
2006	11	7	490
2006	11	8	490
2006	11	9	484
2006	11	10	534
2006	11	11	575
2006	11	12	541
2006	11	13	512
2006	11	14	515
2006	11	15	442
2006	11	16	477
2006	11	17	447
2006	11	18	494
2006	11	19	535
2006	11	20	508
2006	11	21	458
2006	11	22	442
2006	11	23	457
2006	11	24	465
2006	11	25	438
2006	11	26	425
2006	11	27	435
2006	11	28	429
2006	11	29	319
2006	11	30	261
2006	12	1	287
2006	12	2	285
2006	12	3	293
2006	12	4	288
2006	12	5	292
2006	12	6	277
2006	12	7	253
2006	12	8	266
2006	12	9	265
2006	12	10	255
2006	12	11	266
2006	12	12	281
2006	12	13	317
2006	12	14	350
2006	12	15	347
2006	12	16	333
2006	12	17	331
2006	12	18	334
2006	12	19	335
2006	12	20	330
2006	12	21	341
2006	12	22	349
2006	12	23	351
2006	12	24	338
2006	12	25	348
2006	12	26	360
2006	12	27	351
2006	12	28	343
2006	12	29	331
2006	12	30	320
2006	12	31	330
2007	1	1	336
2007	1	2	333
2007	1	3	340
2007	1	4	338
2007	1	5	336
2007	1	6	337
2007	1	7	342
2007	1	8	339
2007	1	9	339
2007	1	10	338
2007	1	11	354
2007	1	12	341
2007	1	13	300
2007	1	14	261
2007	1	15	216
2007	1	16	229
2007	1	17	246
2007	1	18	259
2007	1	19	262
2007	1	20	273
2007	1	21	268
2007	1	22	248
2007	1	23	238
2007	1	24	246
2007	1	25	261
2007	1	26	254
2007	1	27	240
2007	1	28	223
2007	1	29	237
2007	1	30	250
2007	1	31	242
2007	2	1	221
2007	2	2	229
2007	2	3	236
2007	2	4	229
2007	2	5	231
2007	2	6	230
2007	2	7	227
2007	2	8	224
2007	2	9	221
2007	2	10	223
2007	2	11	239
2007	2	12	250
2007	2	13	234
2007	2	14	233
2007	2	15	227
2007	2	16	225
2007	2	17	219
2007	2	18	224
2007	2	19	226
2007	2	20	227
2007	2	21	228
2007	2	22	234
2007	2	23	240
2007	2	24	237
2007	2	25	231
2007	2	26	235
2007	2	27	240
2007	2	28	240
2007	3	1	232
2007	3	2	221
2007	3	3	236
2007	3	4	232
2007	3	5	240
2007	3	6	245
2007	3	7	275
2007	3	8	308
2007	3	9	365
2007	3	10	470
2007	3	11	696
2007	3	12	1060
2007	3	13	1580
2007	3	14	2200
2007	3	15	2510
2007	3	16	1890
2007	3	17	1570
2007	3	18	1730
2007	3	19	2190
2007	3	20	2490
2007	3	21	2710
2007	3	22	2820
2007	3	23	2620
2007	3	24	2670
2007	3	25	2610
2007	3	26	2460
2007	3	27	2980
2007	3	28	3270
2007	3	29	3820
2007	3	30	2990
2007	3	31	2510
2007	4	1	2350
2007	4	2	2120
2007	4	3	2460
2007	4	4	2760
2007	4	5	2430
2007	4	6	2470
2007	4	7	2630
2007	4	8	2710
2007	4	9	2650
2007	4	10	2540
2007	4	11	2670
2007	4	12	2270
2007	4	13	2020
2007	4	14	1870
2007	4	15	1710
2007	4	16	1770
2007	4	17	2030
2007	4	18	2420
2007	4	19	2380
2007	4	20	2580
2007	4	21	2460
2007	4	22	2610
2007	4	23	2550
2007	4	24	2730
2007	4	25	2820
2007	4	26	2560
2007	4	27	2450
2007	4	28	2520
2007	4	29	3050
2007	4	30	4020
2007	5	1	5060
2007	5	2	5370
2007	5	3	5350
2007	5	4	5480
2007	5	5	5290
2007	5	6	4610
2007	5	7	3920
2007	5	8	3310
2007	5	9	3070
2007	5	10	3080
2007	5	11	3530
2007	5	12	4310
2007	5	13	5310
2007	5	14	5870
2007	5	15	6330
2007	5	16	6230
2007	5	17	6020
2007	5	18	5800
2007	5	19	5610
2007	5	20	5590
2007	5	21	5430
2007	5	22	5340
2007	5	23	5020
2007	5	24	3920
2007	5	25	3230
2007	5	26	2840
2007	5	27	2860
2007	5	28	3000
2007	5	29	3380
2007	5	30	3680
2007	5	31	3060
2007	6	1	2750
2007	6	2	2670
2007	6	3	2740
2007	6	4	2950
2007	6	5	2900
2007	6	6	2840
2007	6	7	3130
2007	6	8	2720
2007	6	9	2360
2007	6	10	2400
2007	6	11	2210
2007	6	12	2270
2007	6	13	2690
2007	6	14	2640
2007	6	15	2380
2007	6	16	2310
2007	6	17	2310
2007	6	18	2170
2007	6	19	2070
2007	6	20	1700
2007	6	21	1520
2007	6	22	1420
2007	6	23	1300
2007	6	24	1190
2007	6	25	1130
2007	6	26	1020
2007	6	27	920
2007	6	28	831
2007	6	29	731
2007	6	30	660
2007	7	1	583
2007	7	2	487
2007	7	3	453
2007	7	4	399
2007	7	5	355
2007	7	6	315
2007	7	7	316
2007	7	8	336
2007	7	9	318
2007	7	10	278
2007	7	11	275
2007	7	12	236
2007	7	13	230
2007	7	14	241
2007	7	15	269
2007	7	16	247
2007	7	17	226
2007	7	18	243
2007	7	19	218
2007	7	20	224
2007	7	21	216
2007	7	22	197
2007	7	23	217
2007	7	24	238
2007	7	25	220
2007	7	26	190
2007	7	27	215
2007	7	28	278
2007	7	29	264
2007	7	30	274
2007	7	31	246
2007	8	1	216
2007	8	2	183
2007	8	3	166
2007	8	4	190
2007	8	5	213
2007	8	6	244
2007	8	7	255
2007	8	8	271
2007	8	9	267
2007	8	10	242
2007	8	11	214
2007	8	12	158
2007	8	13	140
2007	8	14	135
2007	8	15	137
2007	8	16	163
2007	8	17	153
2007	8	18	158
2007	8	19	148
2007	8	20	156
2007	8	21	160
2007	8	22	152
2007	8	23	137
2007	8	24	127
2007	8	25	116
2007	8	26	126
2007	8	27	143
2007	8	28	141
2007	8	29	154
2007	8	30	139
2007	8	31	150
2007	9	1	127
2007	9	2	121
2007	9	3	133
2007	9	4	131
2007	9	5	135
2007	9	6	197
2007	9	7	194
2007	9	8	192
2007	9	9	246
2007	9	10	201
2007	9	11	168
2007	9	12	147
2007	9	13	136
2007	9	14	147
2007	9	15	159
2007	9	16	140
2007	9	17	203
2007	9	18	340
2007	9	19	680
2007	9	20	450
2007	9	21	312
2007	9	22	247
2007	9	23	219
2007	9	24	195
2007	9	25	207
2007	9	26	376
2007	9	27	378
2007	9	28	344
2007	9	29	321
2007	9	30	306
2007	10	1	313
2007	10	2	433
2007	10	3	622
2007	10	4	791
2007	10	5	672
2007	10	6	637
2007	10	7	648
2007	10	8	582
2007	10	9	527
2007	10	10	467
2007	10	11	487
2007	10	12	445
2007	10	13	419
2007	10	14	389
2007	10	15	393
2007	10	16	410
2007	10	17	409
2007	10	18	397
2007	10	19	440
2007	10	20	443
2007	10	21	471
2007	10	22	506
2007	10	23	493
2007	10	24	472
2007	10	25	485
2007	10	26	509
2007	10	27	532
2007	10	28	549
2007	10	29	542
2007	10	30	505
2007	10	31	495
2007	11	1	538
2007	11	2	584
2007	11	3	532
2007	11	4	493
2007	11	5	456
2007	11	6	450
2007	11	7	434
2007	11	8	392
2007	11	9	361
2007	11	10	347
2007	11	11	351
2007	11	12	376
2007	11	13	370
2007	11	14	377
2007	11	15	373
2007	11	16	347
2007	11	17	288
2007	11	18	330
2007	11	19	367
2007	11	20	358
2007	11	21	344
2007	11	22	300
2007	11	23	250
2007	11	24	240
2007	11	25	246
2007	11	26	254
2007	11	27	256
2007	11	28	251
2007	11	29	259
2007	11	30	257
2007	12	1	261
2007	12	2	252
2007	12	3	238
2007	12	4	244
2007	12	5	234
2007	12	6	221
2007	12	7	208
2007	12	8	218
2007	12	9	211
2007	12	10	210
2007	12	11	205
2007	12	12	208
2007	12	13	209
2007	12	14	206
2007	12	15	205
2007	12	16	205
2007	12	17	206
2007	12	18	206
2007	12	19	206
2007	12	20	204
2007	12	21	201
2007	12	22	202
2007	12	23	202
2007	12	24	202
2007	12	25	200
2007	12	26	201
2007	12	27	201
2007	12	28	202
2007	12	29	205
2007	12	30	203
2007	12	31	201
2008	1	1	205
2008	1	2	202
2008	1	3	201
2008	1	4	203
2008	1	5	204
2008	1	6	202
2008	1	7	201
2008	1	8	205
2008	1	9	202
2008	1	10	201
2008	1	11	203
2008	1	12	204
2008	1	13	203
2008	1	14	201
2008	1	15	202
2008	1	16	201
2008	1	17	205
2008	1	18	206
2008	1	19	206
2008	1	20	206
2008	1	21	209
2008	1	22	206
2008	1	23	209
2008	1	24	217
2008	1	25	221
2008	1	26	225
2008	1	27	224
2008	1	28	227
2008	1	29	230
2008	1	30	226
2008	1	31	223
2008	2	1	230
2008	2	2	234
2008	2	3	229
2008	2	4	230
2008	2	5	234
2008	2	6	243
2008	2	7	251
2008	2	8	260
2008	2	9	268
2008	2	10	270
2008	2	11	285
2008	2	12	293
2008	2	13	307
2008	2	14	309
2008	2	15	307
2008	2	16	311
2008	2	17	310
2008	2	18	307
2008	2	19	306
2008	2	20	321
2008	2	21	332
2008	2	22	339
2008	2	23	334
2008	2	24	334
2008	2	25	336
2008	2	26	336
2008	2	27	337
2008	2	28	344
2008	2	29	347
2008	3	1	347
2008	3	2	353
2008	3	3	364
2008	3	4	369
2008	3	5	383
2008	3	6	389
2008	3	7	398
2008	3	8	404
2008	3	9	416
2008	3	10	424
2008	3	11	431
2008	3	12	438
2008	3	13	439
2008	3	14	442
2008	3	15	449
2008	3	16	452
2008	3	17	451
2008	3	18	450
2008	3	19	459
2008	3	20	481
2008	3	21	500
2008	3	22	516
2008	3	23	532
2008	3	24	558
2008	3	25	740
2008	3	26	801
2008	3	27	856
2008	3	28	913
2008	3	29	764
2008	3	30	828
2008	3	31	983
2008	4	1	903
2008	4	2	725
2008	4	3	721
2008	4	4	784
2008	4	5	770
2008	4	6	883
2008	4	7	953
2008	4	8	939
2008	4	9	907
2008	4	10	1030
2008	4	11	1170
2008	4	12	1040
2008	4	13	948
2008	4	14	1100
2008	4	15	1880
2008	4	16	3770
2008	4	17	3620
2008	4	18	2780
2008	4	19	3060
2008	4	20	4630
2008	4	21	5890
2008	4	22	5270
2008	4	23	4850
2008	4	24	5710
2008	4	25	5870
2008	4	26	4560
2008	4	27	3760
2008	4	28	3480
2008	4	29	4060
2008	4	30	5020
2008	5	1	6050
2008	5	2	6110
2008	5	3	4750
2008	5	4	4260
2008	5	5	4430
2008	5	6	5170
2008	5	7	6800
2008	5	8	9060
2008	5	9	11400
2008	5	10	9380
2008	5	11	7890
2008	5	12	6680
2008	5	13	7150
2008	5	14	6610
2008	5	15	6050
2008	5	16	5730
2008	5	17	6320
2008	5	18	8010
2008	5	19	10600
2008	5	20	12800
2008	5	21	14700
2008	5	22	16400
2008	5	23	16700
2008	5	24	14100
2008	5	25	10900
2008	5	26	9040
2008	5	27	8920
2008	5	28	9680
2008	5	29	10500
2008	5	30	11200
2008	5	31	11600
2008	6	1	11800
2008	6	2	12500
2008	6	3	13300
2008	6	4	13900
2008	6	5	14300
2008	6	6	13200
2008	6	7	11400
2008	6	8	10100
2008	6	9	9160
2008	6	10	8260
2008	6	11	8400
2008	6	12	9050
2008	6	13	7010
2008	6	14	6070
2008	6	15	6530
2008	6	16	7480
2008	6	17	8030
2008	6	18	8310
2008	6	19	8620
2008	6	20	8910
2008	6	21	8540
2008	6	22	7590
2008	6	23	7150
2008	6	24	6820
2008	6	25	6680
2008	6	26	6470
2008	6	27	6280
2008	6	28	6060
2008	6	29	5700
2008	6	30	5250
2008	7	1	4950
2008	7	2	4510
2008	7	3	4280
2008	7	4	4030
2008	7	5	3660
2008	7	6	3360
2008	7	7	3160
2008	7	8	2900
2008	7	9	2590
2008	7	10	2300
2008	7	11	2080
2008	7	12	1860
2008	7	13	1670
2008	7	14	1500
2008	7	15	1330
2008	7	16	1200
2008	7	17	1130
2008	7	18	1090
2008	7	19	1070
2008	7	20	1010
2008	7	21	919
2008	7	22	829
2008	7	23	791
2008	7	24	835
2008	7	25	979
2008	7	26	849
2008	7	27	753
2008	7	28	704
2008	7	29	690
2008	7	30	682
2008	7	31	606
2008	8	1	535
2008	8	2	490
2008	8	3	474
2008	8	4	446
2008	8	5	427
2008	8	6	411
2008	8	7	419
2008	8	8	479
2008	8	9	582
2008	8	10	672
2008	8	11	732
2008	8	12	702
2008	8	13	598
2008	8	14	474
2008	8	15	423
2008	8	16	387
2008	8	17	392
2008	8	18	422
2008	8	19	422
2008	8	20	373
2008	8	21	322
2008	8	22	286
2008	8	23	286
2008	8	24	262
2008	8	25	254
2008	8	26	248
2008	8	27	226
2008	8	28	234
2008	8	29	240
2008	8	30	237
2008	8	31	227
2008	9	1	241
2008	9	2	275
2008	9	3	311
2008	9	4	331
2008	9	5	299
2008	9	6	266
2008	9	7	248
2008	9	8	222
2008	9	9	204
2008	9	10	201
2008	9	11	225
2008	9	12	252
2008	9	13	337
2008	9	14	381
2008	9	15	366
2008	9	16	325
2008	9	17	278
2008	9	18	254
2008	9	19	231
2008	9	20	223
2008	9	21	235
2008	9	22	232
2008	9	23	242
2008	9	24	289
2008	9	25	251
2008	9	26	221
2008	9	27	218
2008	9	28	208
2008	9	29	197
2008	9	30	201
2008	10	1	196
2008	10	2	184
2008	10	3	180
2008	10	4	189
2008	10	5	197
2008	10	6	217
2008	10	7	239
2008	10	8	260
2008	10	9	263
2008	10	10	237
2008	10	11	217
2008	10	12	206
2008	10	13	213
2008	10	14	237
2008	10	15	263
2008	10	16	240
2008	10	17	244
2008	10	18	238
2008	10	19	240
2008	10	20	227
2008	10	21	213
2008	10	22	218
2008	10	23	240
2008	10	24	277
2008	10	25	275
2008	10	26	297
2008	10	27	323
2008	10	28	322
2008	10	29	311
2008	10	30	320
2008	10	31	307
2008	11	1	307
2008	11	2	300
2008	11	3	317
2008	11	4	334
2008	11	5	376
2008	11	6	372
2008	11	7	327
2008	11	8	253
2008	11	9	238
2008	11	10	271
2008	11	11	327
2008	11	12	342
2008	11	13	348
2008	11	14	352
2008	11	15	345
2008	11	16	322
2008	11	17	266
2008	11	18	291
2008	11	19	315
2008	11	20	296
2008	11	21	285
2008	11	22	291
2008	11	23	279
2008	11	24	229
2008	11	25	218
2008	11	26	219
2008	11	27	232
2008	11	28	289
2008	11	29	287
2008	11	30	288
2008	12	1	275
2008	12	2	262
2008	12	3	265
2008	12	4	258
2008	12	5	240
2008	12	6	223
2008	12	7	227
2008	12	8	228
2008	12	9	228
2008	12	10	217
2008	12	11	216
2008	12	12	219
2008	12	13	219
2008	12	14	202
2008	12	15	212
2008	12	16	218
2008	12	17	231
2008	12	18	229
2008	12	19	237
2008	12	20	238
2008	12	21	243
2008	12	22	249
2008	12	23	242
2008	12	24	239
2008	12	25	237
2008	12	26	271
2008	12	27	254
2008	12	28	257
2008	12	29	273
2008	12	30	259
2008	12	31	252
2009	1	1	261
2009	1	2	280
2009	1	3	260
2009	1	4	265
2009	1	5	257
2009	1	6	261
2009	1	7	280
2009	1	8	256
2009	1	9	287
2009	1	10	286
2009	1	11	281
2009	1	12	284
2009	1	13	290
2009	1	14	292
2009	1	15	295
2009	1	16	297
2009	1	17	276
2009	1	18	276
2009	1	19	295
2009	1	20	285
2009	1	21	290
2009	1	22	292
2009	1	23	295
2009	1	24	291
2009	1	25	298
2009	1	26	301
2009	1	27	286
2009	1	28	264
2009	1	29	249
2009	1	30	282
2009	1	31	306
2009	2	1	302
2009	2	2	309
2009	2	3	314
2009	2	4	332
2009	2	5	323
2009	2	6	318
2009	2	7	328
2009	2	8	334
2009	2	9	332
2009	2	10	341
2009	2	11	354
2009	2	12	350
2009	2	13	352
2009	2	14	347
2009	2	15	343
2009	2	16	330
2009	2	17	330
2009	2	18	323
2009	2	19	306
2009	2	20	285
2009	2	21	285
2009	2	22	287
2009	2	23	299
2009	2	24	316
2009	2	25	349
2009	2	26	382
2009	2	27	405
2009	2	28	422
2009	3	1	429
2009	3	2	436
2009	3	3	454
2009	3	4	467
2009	3	5	495
2009	3	6	553
2009	3	7	677
2009	3	8	609
2009	3	9	534
2009	3	10	552
2009	3	11	527
2009	3	12	483
2009	3	13	507
2009	3	14	510
2009	3	15	504
2009	3	16	504
2009	3	17	531
2009	3	18	622
2009	3	19	810
2009	3	20	887
2009	3	21	1040
2009	3	22	1290
2009	3	23	1620
2009	3	24	1830
2009	3	25	1380
2009	3	26	1240
2009	3	27	1090
2009	3	28	961
2009	3	29	998
2009	3	30	1110
2009	3	31	1110
2009	4	1	1020
2009	4	2	983
2009	4	3	921
2009	4	4	1030
2009	4	5	1010
2009	4	6	869
2009	4	7	844
2009	4	8	906
2009	4	9	1220
2009	4	10	1620
2009	4	11	1510
2009	4	12	1980
2009	4	13	2450
2009	4	14	2970
2009	4	15	3330
2009	4	16	3900
2009	4	17	4260
2009	4	18	2990
2009	4	19	2800
2009	4	20	2760
2009	4	21	3830
2009	4	22	4730
2009	4	23	5620
2009	4	24	6510
2009	4	25	6920
2009	4	26	7210
2009	4	27	7040
2009	4	28	5720
2009	4	29	5210
2009	4	30	6130
2009	5	1	6930
2009	5	2	6640
2009	5	3	7110
2009	5	4	8120
2009	5	5	7000
2009	5	6	6730
2009	5	7	7460
2009	5	8	8770
2009	5	9	8840
2009	5	10	7690
2009	5	11	7340
2009	5	12	7700
2009	5	13	8710
2009	5	14	8490
2009	5	15	7410
2009	5	16	7650
2009	5	17	8020
2009	5	18	8290
2009	5	19	8770
2009	5	20	9430
2009	5	21	9900
2009	5	22	9990
2009	5	23	9100
2009	5	24	8960
2009	5	25	9390
2009	5	26	10200
2009	5	27	9980
2009	5	28	8600
2009	5	29	7750
2009	5	30	7370
2009	5	31	7350
2009	6	1	7330
2009	6	2	7340
2009	6	3	8420
2009	6	4	9490
2009	6	5	9020
2009	6	6	8060
2009	6	7	7390
2009	6	8	6750
2009	6	9	5820
2009	6	10	5410
2009	6	11	5580
2009	6	12	6350
2009	6	13	6630
2009	6	14	5640
2009	6	15	5430
2009	6	16	5550
2009	6	17	5120
2009	6	18	4910
2009	6	19	5190
2009	6	20	5290
2009	6	21	4890
2009	6	22	5120
2009	6	23	5110
2009	6	24	4730
2009	6	25	4500
2009	6	26	4400
2009	6	27	4630
2009	6	28	4790
2009	6	29	3980
2009	6	30	3460
2009	7	1	3030
2009	7	2	2720
2009	7	3	2850
2009	7	4	2830
2009	7	5	2760
2009	7	6	2870
2009	7	7	2420
2009	7	8	2050
2009	7	9	1780
2009	7	10	1560
2009	7	11	1370
2009	7	12	1260
2009	7	13	1280
2009	7	14	1210
2009	7	15	1140
2009	7	16	1050
2009	7	17	935
2009	7	18	850
2009	7	19	788
2009	7	20	737
2009	7	21	685
2009	7	22	661
2009	7	23	616
2009	7	24	569
2009	7	25	528
2009	7	26	514
2009	7	27	483
2009	7	28	509
2009	7	29	503
2009	7	30	480
2009	7	31	449
2009	8	1	465
2009	8	2	461
2009	8	3	458
2009	8	4	410
2009	8	5	389
2009	8	6	348
2009	8	7	350
2009	8	8	355
2009	8	9	352
2009	8	10	291
2009	8	11	269
2009	8	12	262
2009	8	13	267
2009	8	14	255
2009	8	15	241
2009	8	16	239
2009	8	17	260
2009	8	18	277
2009	8	19	250
2009	8	20	237
2009	8	21	232
2009	8	22	227
2009	8	23	222
2009	8	24	210
2009	8	25	213
2009	8	26	222
2009	8	27	217
2009	8	28	208
2009	8	29	215
2009	8	30	195
2009	8	31	186
2009	9	1	185
2009	9	2	170
2009	9	3	174
2009	9	4	167
2009	9	5	151
2009	9	6	142
2009	9	7	130
2009	9	8	117
2009	9	9	118
2009	9	10	122
2009	9	11	140
2009	9	12	114
2009	9	13	113
2009	9	14	111
2009	9	15	121
2009	9	16	140
2009	9	17	160
2009	9	18	227
2009	9	19	233
2009	9	20	223
2009	9	21	219
2009	9	22	218
2009	9	23	231
2009	9	24	226
2009	9	25	239
2009	9	26	266
2009	9	27	265
2009	9	28	247
2009	9	29	224
2009	9	30	185
2009	10	1	176
2009	10	2	177
2009	10	3	195
2009	10	4	213
2009	10	5	217
2009	10	6	234
2009	10	7	331
2009	10	8	337
2009	10	9	307
2009	10	10	314
2009	10	11	312
2009	10	12	294
2009	10	13	285
2009	10	14	275
2009	10	15	282
2009	10	16	331
2009	10	17	504
2009	10	18	414
2009	10	19	367
2009	10	20	336
2009	10	21	341
2009	10	22	407
2009	10	23	373
2009	10	24	327
2009	10	25	300
2009	10	26	300
2009	10	27	328
2009	10	28	313
2009	10	29	299
2009	10	30	315
2009	10	31	281
2009	11	1	303
2009	11	2	328
2009	11	3	338
2009	11	4	338
2009	11	5	326
2009	11	6	314
2009	11	7	311
2009	11	8	318
2009	11	9	313
2009	11	10	308
2009	11	11	318
2009	11	12	327
2009	11	13	368
2009	11	14	396
2009	11	15	359
2009	11	16	270
2009	11	17	305
2009	11	18	311
2009	11	19	303
2009	11	20	292
2009	11	21	298
2009	11	22	304
2009	11	23	306
2009	11	24	275
2009	11	25	289
2009	11	26	299
2009	11	27	291
2009	11	28	289
2009	11	29	298
2009	11	30	300
2009	12	1	300
2009	12	2	221
2009	12	3	178
2009	12	4	161
2009	12	5	195
2009	12	6	180
2009	12	7	151
2009	12	8	144
2009	12	9	149
2009	12	10	160
2009	12	11	161
2009	12	12	199
2009	12	13	216
2009	12	14	203
2009	12	15	186
2009	12	16	202
2009	12	17	201
2009	12	18	188
2009	12	19	188
2009	12	20	206
2009	12	21	220
2009	12	22	218
2009	12	23	214
2009	12	24	197
2009	12	25	194
2009	12	26	200
2009	12	27	186
2009	12	28	181
2009	12	29	190
2009	12	30	200
2009	12	31	190
2010	1	1	194
2010	1	2	183
2010	1	3	155
2010	1	4	154
2010	1	5	170
2010	1	6	147
2010	1	7	122
2010	1	8	121
2010	1	9	121
2010	1	10	122
2010	1	11	126
2010	1	12	138
2010	1	13	151
2010	1	14	142
2010	1	15	142
2010	1	16	158
2010	1	17	169
2010	1	18	172
2010	1	19	176
2010	1	20	165
2010	1	21	192
2010	1	22	215
2010	1	23	203
2010	1	24	199
2010	1	25	184
2010	1	26	192
2010	1	27	208
2010	1	28	200
2010	1	29	192
2010	1	30	192
2010	1	31	209
2010	2	1	209
2010	2	2	204
2010	2	3	204
2010	2	4	224
2010	2	5	242
2010	2	6	242
2010	2	7	226
2010	2	8	209
2010	2	9	179
2010	2	10	173
2010	2	11	185
2010	2	12	181
2010	2	13	170
2010	2	14	165
2010	2	15	165
2010	2	16	167
2010	2	17	177
2010	2	18	179
2010	2	19	179
2010	2	20	176
2010	2	21	173
2010	2	22	161
2010	2	23	179
2010	2	24	191
2010	2	25	198
2010	2	26	193
2010	2	27	193
2010	2	28	206
2010	3	1	215
2010	3	2	220
2010	3	3	216
2010	3	4	215
2010	3	5	215
2010	3	6	222
2010	3	7	227
2010	3	8	229
2010	3	9	227
2010	3	10	222
2010	3	11	222
2010	3	12	222
2010	3	13	231
2010	3	14	238
2010	3	15	240
2010	3	16	268
2010	3	17	282
2010	3	18	287
2010	3	19	287
2010	3	20	300
2010	3	21	335
2010	3	22	359
2010	3	23	450
2010	3	24	614
2010	3	25	635
2010	3	26	601
2010	3	27	539
2010	3	28	486
2010	3	29	445
2010	3	30	456
2010	3	31	517
2010	4	1	789
2010	4	2	929
2010	4	3	758
2010	4	4	679
2010	4	5	619
2010	4	6	605
2010	4	7	816
2010	4	8	712
2010	4	9	682
2010	4	10	803
2010	4	11	1130
2010	4	12	1350
2010	4	13	1660
2010	4	14	1940
2010	4	15	1620
2010	4	16	1770
2010	4	17	2100
2010	4	18	2650
2010	4	19	2840
2010	4	20	3500
2010	4	21	4150
2010	4	22	4920
2010	4	23	5280
2010	4	24	4270
2010	4	25	3480
2010	4	26	3140
2010	4	27	2760
2010	4	28	2720
2010	4	29	3500
2010	4	30	3300
2010	5	1	2860
2010	5	2	2590
2010	5	3	2540
2010	5	4	2420
2010	5	5	2180
2010	5	6	2090
2010	5	7	2490
2010	5	8	2560
2010	5	9	2480
2010	5	10	2690
2010	5	11	3400
2010	5	12	3410
2010	5	13	3290
2010	5	14	3110
2010	5	15	3120
2010	5	16	4110
2010	5	17	4490
2010	5	18	5220
2010	5	19	6350
2010	5	20	7250
2010	5	21	8680
2010	5	22	9020
2010	5	23	9060
2010	5	24	8480
2010	5	25	8380
2010	5	26	6660
2010	5	27	6670
2010	5	28	7560
2010	5	29	9110
2010	5	30	10000
2010	5	31	9710
2010	6	1	8940
2010	6	2	8330
2010	6	3	7740
2010	6	4	7290
2010	6	5	8010
2010	6	6	9720
2010	6	7	10400
2010	6	8	10900
2010	6	9	11500
2010	6	10	10900
2010	6	11	9520
2010	6	12	8870
2010	6	13	8620
2010	6	14	9620
2010	6	15	7500
2010	6	16	5960
2010	6	17	5550
2010	6	18	5460
2010	6	19	4910
2010	6	20	4800
2010	6	21	4540
2010	6	22	4060
2010	6	23	3720
2010	6	24	3470
2010	6	25	3220
2010	6	26	3130
2010	6	27	3020
2010	6	28	2760
2010	6	29	2490
2010	6	30	2220
2010	7	1	2170
2010	7	2	2010
2010	7	3	1940
2010	7	4	1760
2010	7	5	1620
2010	7	6	1530
2010	7	7	1310
2010	7	8	1140
2010	7	9	1140
2010	7	10	1120
2010	7	11	984
2010	7	12	922
2010	7	13	842
2010	7	14	768
2010	7	15	709
2010	7	16	694
2010	7	17	644
2010	7	18	615
2010	7	19	550
2010	7	20	525
2010	7	21	497
2010	7	22	504
2010	7	23	505
2010	7	24	578
2010	7	25	543
2010	7	26	481
2010	7	27	427
2010	7	28	394
2010	7	29	396
2010	7	30	380
2010	7	31	400
2010	8	1	413
2010	8	2	365
2010	8	3	385
2010	8	4	519
2010	8	5	461
2010	8	6	522
2010	8	7	530
2010	8	8	476
2010	8	9	462
2010	8	10	405
2010	8	11	350
2010	8	12	333
2010	8	13	304
2010	8	14	282
2010	8	15	283
2010	8	16	259
2010	8	17	231
2010	8	18	223
2010	8	19	183
2010	8	20	196
2010	8	21	231
2010	8	22	305
2010	8	23	258
2010	8	24	229
2010	8	25	218
2010	8	26	215
2010	8	27	199
2010	8	28	220
2010	8	29	201
2010	8	30	197
2010	8	31	197
2010	9	1	180
2010	9	2	200
2010	9	3	197
2010	9	4	211
2010	9	5	206
2010	9	6	165
2010	9	7	144
2010	9	8	133
2010	9	9	119
2010	9	10	115
2010	9	11	146
2010	9	12	179
2010	9	13	180
2010	9	14	169
2010	9	15	166
2010	9	16	170
2010	9	17	169
2010	9	18	145
2010	9	19	136
2010	9	20	118
2010	9	21	100
2010	9	22	95.8
2010	9	23	110
2010	9	24	132
2010	9	25	141
2010	9	26	159
2010	9	27	171
2010	9	28	147
2010	9	29	138
2010	9	30	141
2010	10	1	139
2010	10	2	151
2010	10	3	150
2010	10	4	135
2010	10	5	138
2010	10	6	151
2010	10	7	155
2010	10	8	159
2010	10	9	165
2010	10	10	178
2010	10	11	220
2010	10	12	255
2010	10	13	273
2010	10	14	288
2010	10	15	320
2010	10	16	298
2010	10	17	274
2010	10	18	258
2010	10	19	235
2010	10	20	223
2010	10	21	228
2010	10	22	256
2010	10	23	267
2010	10	24	286
2010	10	25	467
2010	10	26	580
2010	10	27	854
2010	10	28	605
2010	10	29	500
2010	10	30	427
2010	10	31	488
2010	11	1	525
2010	11	2	550
2010	11	3	517
2010	11	4	475
2010	11	5	460
2010	11	6	449
2010	11	7	442
2010	11	8	416
2010	11	9	444
2010	11	10	414
2010	11	11	427
2010	11	12	399
2010	11	13	387
2010	11	14	357
2010	11	15	372
2010	11	16	389
2010	11	17	404
2010	11	18	401
2010	11	19	378
2010	11	20	409
2010	11	21	412
2010	11	22	402
2010	11	23	402
2010	11	24	393
2010	11	25	318
2010	11	26	323
2010	11	27	392
2010	11	28	431
2010	11	29	409
2010	11	30	392
2010	12	1	393
2010	12	2	390
2010	12	3	388
2010	12	4	385
2010	12	5	381
2010	12	6	371
2010	12	7	378
2010	12	8	352
2010	12	9	370
2010	12	10	368
2010	12	11	366
2010	12	12	354
2010	12	13	359
2010	12	14	359
2010	12	15	359
2010	12	16	296
2010	12	17	251
2010	12	18	287
2010	12	19	295
2010	12	20	331
2010	12	21	327
2010	12	22	324
2010	12	23	343
2010	12	24	337
2010	12	25	309
2010	12	26	325
2010	12	27	349
2010	12	28	307
2010	12	29	311
2010	12	30	353
2010	12	31	300
2011	1	1	248
2011	1	2	245
2011	1	3	356
2011	1	4	338
2011	1	5	356
2011	1	6	368
2011	1	7	366
2011	1	8	377
2011	1	9	377
2011	1	10	344
2011	1	11	337
2011	1	12	345
2011	1	13	402
2011	1	14	397
2011	1	15	393
2011	1	16	392
2011	1	17	397
2011	1	18	368
2011	1	19	365
2011	1	20	352
2011	1	21	365
2011	1	22	359
2011	1	23	345
2011	1	24	357
2011	1	25	323
2011	1	26	361
2011	1	27	339
2011	1	28	343
2011	1	29	343
2011	1	30	335
2011	1	31	339
2011	2	1	324
2011	2	2	267
2011	2	3	262
2011	2	4	287
2011	2	5	318
2011	2	6	330
2011	2	7	328
2011	2	8	337
2011	2	9	322
2011	2	10	326
2011	2	11	348
2011	2	12	359
2011	2	13	379
2011	2	14	383
2011	2	15	374
2011	2	16	374
2011	2	17	366
2011	2	18	335
2011	2	19	357
2011	2	20	363
2011	2	21	353
2011	2	22	342
2011	2	23	346
2011	2	24	353
2011	2	25	350
2011	2	26	346
2011	2	27	337
2011	2	28	344
2011	3	1	342
2011	3	2	358
2011	3	3	401
2011	3	4	398
2011	3	5	382
2011	3	6	459
2011	3	7	459
2011	3	8	466
2011	3	9	443
2011	3	10	463
2011	3	11	533
2011	3	12	614
2011	3	13	803
2011	3	14	766
2011	3	15	853
2011	3	16	905
2011	3	17	952
2011	3	18	935
2011	3	19	922
2011	3	20	951
2011	3	21	981
2011	3	22	1040
2011	3	23	1240
2011	3	24	1060
2011	3	25	1010
2011	3	26	1030
2011	3	27	960
2011	3	28	994
2011	3	29	1010
2011	3	30	937
2011	3	31	937
2011	4	1	1050
2011	4	2	1770
2011	4	3	2720
2011	4	4	3270
2011	4	5	2380
2011	4	6	2240
2011	4	7	2710
2011	4	8	2450
2011	4	9	3480
2011	4	10	3830
2011	4	11	3030
2011	4	12	2530
2011	4	13	2850
2011	4	14	3180
2011	4	15	3920
2011	4	16	3180
2011	4	17	3040
2011	4	18	3150
2011	4	19	5350
2011	4	20	6660
2011	4	21	5130
2011	4	22	7690
2011	4	23	7510
2011	4	24	5250
2011	4	25	4950
2011	4	26	5110
2011	4	27	4890
2011	4	28	4020
2011	4	29	3830
2011	4	30	4340
2011	5	1	3850
2011	5	2	3620
2011	5	3	3340
2011	5	4	3390
2011	5	5	3940
2011	5	6	4050
2011	5	7	5100
2011	5	8	6810
2011	5	9	8620
2011	5	10	9720
2011	5	11	9090
2011	5	12	8620
2011	5	13	7600
2011	5	14	7440
2011	5	15	9130
2011	5	16	10600
2011	5	17	12000
2011	5	18	11900
2011	5	19	10800
2011	5	20	9900
2011	5	21	8750
2011	5	22	10300
2011	5	23	10400
2011	5	24	11900
2011	5	25	12700
2011	5	26	12100
2011	5	27	12000
2011	5	28	11700
2011	5	29	10900
2011	5	30	11800
2011	5	31	14000
2011	6	1	13400
2011	6	2	13400
2011	6	3	14700
2011	6	4	16600
2011	6	5	16800
2011	6	6	17000
2011	6	7	18400
2011	6	8	19600
2011	6	9	19600
2011	6	10	18400
2011	6	11	17100
2011	6	12	15700
2011	6	13	15000
2011	6	14	14700
2011	6	15	14400
2011	6	16	14200
2011	6	17	14300
2011	6	18	14800
2011	6	19	14300
2011	6	20	12900
2011	6	21	11700
2011	6	22	10800
2011	6	23	10900
2011	6	24	11400
2011	6	25	11800
2011	6	26	12300
2011	6	27	12200
2011	6	28	11500
2011	6	29	10700
2011	6	30	10800
2011	7	1	11600
2011	7	2	11900
2011	7	3	10500
2011	7	4	9870
2011	7	5	9530
2011	7	6	8780
2011	7	7	7880
2011	7	8	8220
2011	7	9	9660
2011	7	10	11000
2011	7	11	8570
2011	7	12	7600
2011	7	13	7090
2011	7	14	7110
2011	7	15	6500
2011	7	16	5560
2011	7	17	4850
2011	7	18	4800
2011	7	19	5190
2011	7	20	5210
2011	7	21	4740
2011	7	22	4010
2011	7	23	3420
2011	7	24	3010
2011	7	25	2690
2011	7	26	2480
2011	7	27	2420
2011	7	28	2340
2011	7	29	2070
2011	7	30	1860
2011	7	31	1710
2011	8	1	1620
2011	8	2	1700
2011	8	3	1720
2011	8	4	1550
2011	8	5	1500
2011	8	6	1370
2011	8	7	1260
2011	8	8	1140
2011	8	9	1060
2011	8	10	1010
2011	8	11	915
2011	8	12	853
2011	8	13	814
2011	8	14	784
2011	8	15	780
2011	8	16	787
2011	8	17	768
2011	8	18	783
2011	8	19	722
2011	8	20	813
2011	8	21	901
2011	8	22	872
2011	8	23	758
2011	8	24	560
2011	8	25	515
2011	8	26	527
2011	8	27	513
2011	8	28	510
2011	8	29	536
2011	8	30	552
2011	8	31	571
2011	9	1	542
2011	9	2	496
2011	9	3	456
2011	9	4	428
2011	9	5	426
2011	9	6	430
2011	9	7	436
2011	9	8	493
2011	9	9	576
2011	9	10	590
2011	9	11	541
2011	9	12	447
2011	9	13	413
2011	9	14	395
2011	9	15	374
2011	9	16	409
2011	9	17	678
2011	9	18	724
2011	9	19	732
2011	9	20	735
2011	9	21	612
2011	9	22	537
2011	9	23	497
2011	9	24	455
2011	9	25	429
2011	9	26	422
2011	9	27	389
2011	9	28	344
2011	9	29	334
2011	9	30	326
